"","StartPrice","HighPrice","LowPrice","EndPrice","Amount"
"2002-06-18",113227,113227,113227,113210,118858
"2002-06-19",115140,126785,113896,126768,653641
"2002-06-20",126783,141702,116783,135518,466581
"2002-06-21",134159,148535,124984,128678,369308
"2002-06-24",132798,140328,119787,124569,217563
"2002-06-25",125952,132116,124446,124569,217651
"2002-06-26",121175,138965,121175,138945,341391
"2002-06-27",153339,155387,148540,155370,61579
"2002-06-28",164297,173874,138276,143055,525901
"2002-07-02",137592,138275,125947,130043,183215
"2002-07-03",131299,136640,121861,124432,160876
"2002-07-04",125271,128705,111316,111299,149907
"2002-07-05",111723,117466,111723,113892,185857
"2002-07-08",116395,126655,115712,121839,294654
"2002-07-09",121440,122544,111862,113210,156571
"2002-07-10",113251,118452,113251,116364,170618
"2002-07-11",113490,114996,103229,104035,134512
"2002-07-12",106802,109532,102705,105961,66581
"2002-07-15",104072,105999,100096,100076,47295
"2002-07-16",100651,102418,90371,91174,89383
"2002-07-18",87078,89267,85171,86519,152695
"2002-07-19",82575,82856,76289,76252,211858
"2002-07-22",68734,72429,67228,68714,179849
"2002-07-23",68870,76962,68730,75296,278109
"2002-07-24",71466,73936,66265,66667,219780
"2002-07-25",69294,72145,62145,62148,140226
"2002-07-26",61747,62972,57370,62694,173352
"2002-07-29",64354,67768,62025,62148,143672
"2002-07-30",64490,64892,60234,62967,211678
"2002-07-31",63674,70522,63674,70504,621068
"2002-08-01",72435,73258,67374,71732,332643
"2002-08-02",69288,72280,67080,72142,124585
"2002-08-05",71884,76261,63510,63513,406785
"2002-08-06",57647,60679,56020,56264,281749
"2002-08-07",57508,59577,55460,55581,221389
"2002-08-08",56834,60248,56834,58584,264449
"2002-08-09",60235,62022,56400,56400,181384
"2002-08-12",57092,58879,56831,58038,102150
"2002-08-13",58186,60255,57383,60237,119745
"2002-08-14",60517,63388,57766,62284,235698
"2002-08-16",66399,69692,65033,68851,358111
"2002-08-19",68179,69143,62717,63922,253782
"2002-08-20",68460,68460,63400,63922,173398
"2002-08-21",61628,63957,61226,61329,133761
"2002-08-22",61060,63932,59836,63513,188512
"2002-08-23",63540,67657,63540,65712,226692
"2002-08-26",65730,67777,62698,64347,243205
"2002-08-27",65030,71997,64066,68305,656807
"2002-08-28",68462,70791,63804,65029,389425
"2002-08-29",64631,65715,62422,62967,166622
"2002-08-30",62963,64488,61738,61738,177760
"2002-09-02",60656,61620,59572,59555,128188
"2002-09-03",57764,59551,57624,58447,92357
"2002-09-04",55723,57229,55723,56810,109390
"2002-09-05",57638,58602,57517,58584,66738
"2002-09-06",57386,58329,55197,56264,44011
"2002-09-09",55743,56827,49578,49561,142386
"2002-09-10",49572,49833,47905,47908,82341
"2002-09-11",49325,49868,47939,49288,59900
"2002-09-12",46688,49981,46688,48317,54048
"2002-09-13",46538,48747,44631,46679,208460
"2002-09-16",46568,47652,43134,43676,68245
"2002-09-17",44519,45061,43555,43676,201817
"2002-09-18",43417,43417,40264,40385,125910
"2002-09-19",39847,42177,39847,42160,65682
"2002-09-23",41207,42030,37231,37231,247776
"2002-09-24",35745,38617,34922,35866,297296
"2002-09-25",34633,36822,31621,32166,266377
"2002-09-26",32995,34240,31629,31893,177164
"2002-09-27",31093,35633,31093,35593,326978
"2002-09-30",36141,38610,31904,32848,587006
"2002-10-01",32851,36687,32851,36549,547403
"2002-10-02",38191,39978,36544,36685,541594
"2002-10-04",36986,39034,36846,38475,223265
"2002-10-07",38352,38774,33975,33955,431823
"2002-10-08",33958,36548,32030,35866,398630
"2002-10-09",36717,40152,36717,40112,593217
"2002-10-10",40537,44513,39172,40658,1277647
"2002-10-11",42454,43699,38216,39703,373324
"2002-10-14",41768,42170,40403,41068,340066
"2002-10-15",42722,45593,42180,44632,539369
"2002-10-16",45599,45599,42305,43252,305797
"2002-10-17",43543,43543,40410,42160,332891
"2002-10-18",42563,44490,42442,42706,285108
"2002-10-21",43130,43130,40540,40522,191549
"2002-10-22",41223,41765,38492,38475,185598
"2002-10-23",38618,42996,38618,42979,486540
"2002-10-24",43950,44091,41200,42023,251823
"2002-10-25",42031,46972,41770,46952,680647
"2002-10-28",48327,51740,47082,47908,711792
"2002-10-29",49163,52979,48059,51335,476001
"2002-10-30",53395,57512,51347,57492,545870
"2002-10-31",58306,64350,56680,61602,745357
"2002-11-01",61353,62578,54906,58584,518030
"2002-11-04",58622,60952,54244,59145,719683
"2002-11-05",61491,62174,55205,55991,496851
"2002-11-06",56022,57508,54235,55581,351685
"2002-11-07",55613,56717,49045,50652,293260
"2002-11-08",49162,56693,49162,56673,575441
"2002-11-11",59299,63396,59299,63376,227820
"2002-11-12",68320,70930,63120,64347,1551014
"2002-11-13",67777,68179,60389,64347,527962
"2002-11-14",66543,72005,65178,72005,1785169
"2002-11-15",73932,79394,71884,72005,1349307
"2002-11-18",71622,74372,69433,71323,484983
"2002-11-19",71881,76820,71198,71459,992538
"2002-11-20",71470,72012,65867,67213,589133
"2002-11-21",68183,69428,64629,64893,492478
"2002-11-22",66266,72571,65322,72551,1032828
"2002-11-25",76408,77091,72974,73780,740789
"2002-11-26",75607,75607,71350,74887,357446
"2002-11-27",75053,83245,73527,74614,956035
"2002-11-28",75301,78032,72570,73916,491278
"2002-11-29",74486,74888,71455,72278,285407
"2002-12-02",71484,78332,71484,75842,426733
"2002-12-03",75856,77362,72563,74614,383631
"2002-12-04",73362,75289,71595,72278,235568
"2002-12-05",71205,74498,71205,73916,354592
"2002-12-06",72451,80805,72451,80225,903959
"2002-12-09",81741,82162,76139,76661,555980
"2002-12-10",74610,77341,73506,77344,335909
"2002-12-11",79415,84475,78049,81044,1057095
"2002-12-12",81049,85145,79684,83501,610709
"2002-12-13",85426,88156,82133,82136,724345
"2002-12-16",79411,80114,75998,76661,341073
"2002-12-17",77109,79157,74779,75706,255180
"2002-12-18",73789,78709,72685,74053,382529
"2002-12-20",72696,75186,68740,69124,229949
"2002-12-23",67786,70396,60939,60919,364491
"2002-12-24",55864,60241,53655,53655,438514
"2002-12-26",52735,56571,52052,55991,476035
"2002-12-27",55070,56577,50692,50652,260681
"2002-12-30",46838,48323,44649,44632,350817
"2003-01-02",45476,49853,45476,49151,276433
"2003-01-03",51364,54517,50802,54216,296197
"2003-01-06",57357,57498,54346,56537,337335
"2003-01-07",57761,58584,52962,53246,322196
"2003-01-08",53811,58188,53108,57629,407114
"2003-01-09",57505,64232,55879,64074,912350
"2003-01-10",65033,66398,56399,57765,747650
"2003-01-13",59986,62577,57777,62557,304298
"2003-01-14",61753,67918,60126,63922,784713
"2003-01-15",64366,67639,63262,65029,482942
"2003-01-16",63959,63959,60405,60646,349789
"2003-01-17",58602,59566,54226,55172,400744
"2003-01-20",52719,54506,52719,53382,190579
"2003-01-21",53400,54645,52175,52700,184682
"2003-01-22",50410,51776,48221,49288,267670
"2003-01-23",50116,51481,48329,51062,224752
"2003-01-24",52455,52455,45607,45587,214688
"2003-01-27",44522,49322,43136,48742,543813
"2003-01-28",47235,54365,46974,51335,852093
"2003-01-29",51763,52446,45880,45860,247300
"2003-01-30",46277,47763,46137,46679,121183
"2003-02-03",46000,48590,45598,47225,157951
"2003-02-04",48215,49862,48215,48878,225400
"2003-02-05",48478,49864,47253,48742,211579
"2003-02-06",48594,49297,45462,46406,186264
"2003-02-07",46846,47248,42870,44359,196035
"2003-02-10",43685,45051,42460,42842,173314
"2003-02-11",43682,47237,42578,46133,488774
"2003-02-12",46160,46280,43549,43813,148868
"2003-02-13",44239,44641,42713,43115,113814
"2003-02-14",42161,43667,42161,42706,125156
"2003-02-17",45189,46554,43823,46133,217413
"2003-02-18",46573,46573,44806,45451,137120
"2003-02-19",46716,47399,44808,44768,162736
"2003-02-20",43976,45201,43976,45041,107187
"2003-02-21",44353,47365,44353,47225,216921
"2003-02-24",48614,51084,47530,50243,288464
"2003-02-25",49043,49043,45348,45451,182793
"2003-02-26",45479,46703,43832,44495,169828
"2003-02-27",44356,44356,42167,42569,144375
"2003-02-28",42575,43679,42313,42979,113901
"2003-03-03",43950,46540,43950,46543,280247
"2003-03-04",45879,45879,43830,43813,150821
"2003-03-05",43003,43003,39046,41477,152932
"2003-03-06",41779,42743,40152,40112,88768
"2003-03-07",37112,38759,36148,37095,139630
"2003-03-10",36014,37520,35070,36958,69106
"2003-03-11",34657,36023,34376,35320,66087
"2003-03-12",34925,38339,34925,37777,119087
"2003-03-13",38187,38468,35175,36139,97243
"2003-03-14",38901,40267,37797,37777,106181
"2003-03-17",39035,39035,33694,33955,80982
"2003-03-18",36284,37911,35461,37914,105414
"2003-03-19",37104,39714,36963,37368,98799
"2003-03-20",38062,41497,37661,41477,157405
"2003-03-21",41631,42314,40808,41614,163824
"2003-03-24",42993,44238,39158,41068,268246
"2003-03-25",38895,39156,37911,37914,92746
"2003-03-26",38786,42462,38786,40112,166143
"2003-03-27",39317,40402,38634,39157,67817
"2003-03-28",39437,41344,39437,41204,164846
"2003-03-31",41097,41097,37803,39430,68038
"2003-04-01",38907,40413,38364,40112,85566
"2003-04-02",40673,42862,39729,42842,222404
"2003-04-03",44239,45043,41207,43115,268749
"2003-04-04",43254,43675,41768,42433,140239
"2003-04-07",43270,44655,42868,44495,148006
"2003-04-08",42859,44506,42578,43525,99551
"2003-04-09",43397,43397,41629,41750,66214
"2003-04-10",41079,43127,41079,42023,119858
"2003-04-11",41769,45324,41769,43115,430649
"2003-04-14",43143,44107,42460,42842,129423
"2003-04-15",43836,45744,43555,45041,329309
"2003-04-16",46562,47526,45599,45860,304955
"2003-04-17",45879,45879,43690,43813,161112
"2003-04-18",44665,45609,43701,45451,271000
"2003-04-21",44640,46408,44640,46270,243870
"2003-04-22",46418,47241,44651,45314,192140
"2003-04-23",45874,46416,44368,45997,186830
"2003-04-24",47537,51514,43982,45451,865452
"2003-04-25",44672,45073,40152,40112,351084
"2003-04-28",39604,41090,37797,39567,97882
"2003-04-29",39577,41344,39577,41204,170686
"2003-04-30",41229,41651,39723,39703,85442
"2003-05-02",39726,41232,38782,40931,140175
"2003-05-06",41880,42162,41077,41341,107994
"2003-05-07",41628,42170,40403,41068,120755
"2003-05-09",40662,41485,40260,41204,87053
"2003-05-12",41776,43001,41354,42160,220295
"2003-05-13",43139,43259,37797,37777,156207
"2003-05-14",35070,37520,35070,36958,291862
"2003-05-15",37390,37531,34940,35184,112512
"2003-05-16",35627,36310,34382,35730,97627
"2003-05-19",34808,35752,34265,34911,70596
"2003-05-20",33422,39047,33422,36958,128327
"2003-05-21",36418,36840,34511,35457,99008
"2003-05-22",35183,36689,35183,35866,104375
"2003-05-23",36150,38620,35607,37777,275559
"2003-05-26",38355,39721,38355,39021,156860
"2003-05-27",39574,39574,37224,37368,93063
"2003-05-28",38341,38622,37236,37641,82020
"2003-05-29",37661,38203,36696,36958,63294
"2003-05-30",35998,39150,35998,37504,129756
"2003-06-02",37661,38344,36295,36958,63814
"2003-06-03",36436,36999,35211,35593,85255
"2003-06-04",35620,39857,35620,39840,412303
"2003-06-05",41094,43002,39868,40795,313300
"2003-06-09",41081,44354,41081,43252,255723
"2003-06-10",43246,43386,39712,41341,300743
"2003-06-11",41371,42195,40005,40249,100552
"2003-06-12",40554,40976,38787,39430,130647
"2003-06-13",40009,40833,38784,40795,202158
"2003-06-16",41095,41899,40673,41477,204672
"2003-06-17",42309,46406,41767,46406,399815
"2003-06-18",50411,51917,47539,50652,1040165
"2003-06-19",50391,50391,46013,48044,351762
"2003-06-20",46567,47932,44519,45041,196446
"2003-06-23",44492,49974,44231,46543,478504
"2003-06-24",47221,48586,45173,46679,267545
"2003-06-25",46829,52171,46829,52154,965266
"2003-06-26",51480,55736,49171,49151,649537
"2003-06-27",49164,53964,49164,53382,457677
"2003-06-30",54518,58876,54097,55445,570197
"2003-07-01",55605,57513,53416,54762,286776
"2003-07-02",56274,58061,52578,53382,570640
"2003-07-03",54386,55210,50008,49970,366631
"2003-07-04",49979,53111,49979,51608,332022
"2003-07-07",51742,53248,50115,52427,289682
"2003-07-08",52846,53409,50939,51062,150288
"2003-07-09",51229,54663,50125,54626,276234
"2003-07-10",54506,56153,53261,53382,252794
"2003-07-11",52710,54095,51625,51608,120292
"2003-07-14",52171,54099,51347,53519,259422
"2003-07-15",54509,54650,47379,48044,292618
"2003-07-16",49307,49849,47921,48044,253229
"2003-07-18",45736,46559,43969,43949,138917
"2003-07-21",44123,45489,41372,41553,148374
"2003-07-22",41088,42595,39924,42236,97417
"2003-07-23",42259,42319,40833,40795,78428
"2003-07-24",38070,41764,38070,40522,57571
"2003-07-25",39728,42821,39186,40795,83713
"2003-07-28",42452,42673,41086,42372,65426
"2003-07-29",42567,42989,41202,41887,34770
"2003-07-30",41487,42451,40804,41068,46089
"2003-07-31",41093,42057,40410,41417,16370
"2003-08-01",41080,41762,40397,40658,41979
"2003-08-04",39859,42329,38916,39157,43394
"2003-08-05",42106,42106,38472,40583,89487
"2003-08-06",39463,40829,39463,40249,27655
"2003-08-07",40724,41487,40724,41068,42756
"2003-08-08",42455,42455,41089,41614,40661
"2003-08-11",41231,41773,40267,40249,47139
"2003-08-12",41033,41294,39647,39627,35501
"2003-08-13",39784,41089,39041,39081,31532
"2003-08-14",38480,40047,38340,38945,85686
"2003-08-18",38482,38823,36975,37641,61011
"2003-08-19",37656,39162,37234,37777,43981
"2003-08-20",37613,39039,37613,38399,43227
"2003-08-21",38419,39443,37114,37777,43680
"2003-08-22",37783,38606,35795,36822,56124
"2003-08-25",36151,37517,34926,35790,71021
"2003-08-26",36019,36019,34794,34774,57230
"2003-08-27",34446,36314,34446,34911,45360
"2003-08-28",37660,37660,35611,35654,39721
"2003-08-29",36175,36175,35211,35593,33911
"2003-09-01",35609,37658,35609,37641,31477
"2003-09-02",38056,38056,36429,37095,23785
"2003-09-03",37782,37782,36417,36761,20464
"2003-09-04",36289,37112,36289,37095,12082
"2003-09-05",36572,37395,36311,36351,12389
"2003-09-08",36023,36023,34376,35320,22746
"2003-09-09",34776,35740,34234,35381,33484
"2003-09-15",35338,35338,34655,34638,18178
"2003-09-16",34374,35117,34374,34638,22692
"2003-09-17",34940,37390,34940,35184,22461
"2003-09-18",35342,36989,34940,35184,17593
"2003-09-19",35321,36546,35181,36549,36941
"2003-09-22",36021,37527,33571,34638,42248
"2003-09-23",33844,35350,33643,34911,25761
"2003-09-24",34914,37644,34914,37504,173620
"2003-09-25",36821,36962,35054,36139,34098
"2003-09-26",36163,40460,36022,38475,239818
"2003-09-29",38347,40134,37102,39976,141436
"2003-09-30",40527,41350,38759,39081,110157
"2003-10-01",39714,40397,37044,38050,102929
"2003-10-02",38777,40062,38355,39021,80155
"2003-10-06",39032,40517,37224,37368,113853
"2003-10-07",37801,38625,36696,36958,58190
"2003-10-08",37118,38062,36978,36958,49650
"2003-10-09",36975,37738,36694,37641,38188
"2003-10-10",37927,38007,36983,37307,48340
"2003-10-13",36999,37400,35553,35593,62863
"2003-10-14",35753,36316,34950,35593,53374
"2003-10-15",35629,36111,35007,35047,53625
"2003-10-16",35856,35856,34230,34835,20592
"2003-10-17",34376,35400,34255,35320,42063
"2003-10-20",34653,35476,34312,34774,27953
"2003-10-21",34925,35527,34784,35108,28616
"2003-10-22",35061,35624,33696,33819,75081
"2003-10-23",33831,34252,32184,33409,50671
"2003-10-24",34021,34021,32113,32575,37877
"2003-10-27",31790,31910,29601,31150,96629
"2003-10-28",30804,32451,30543,32029,64859
"2003-10-29",31485,33955,31344,31347,126858
"2003-10-30",31175,31918,30331,30452,43215
"2003-10-31",30546,30948,29441,30589,18532
"2003-11-03",29866,30749,28781,29163,87454
"2003-11-04",29038,29299,27251,27374,70505
"2003-11-05",27138,28565,27138,28344,119197
"2003-11-06",28269,28550,26964,26964,59511
"2003-11-07",26844,27245,24796,25599,78165
"2003-11-10",24947,25008,23159,23825,95782
"2003-11-11",23015,26650,23015,26630,217993
"2003-11-12",27245,29735,26783,28754,200671
"2003-11-13",28777,29460,27532,28617,50417
"2003-11-14",28912,29514,27386,28754,116926
"2003-11-17",27993,29178,27792,28056,32035
"2003-11-18",27652,28495,27250,28056,28832
"2003-11-19",27646,28349,26823,26964,37193
"2003-11-20",27387,27809,26785,26767,9951
"2003-11-21",26966,27307,26423,26828,31254
"2003-11-24",26434,26776,25892,25872,12275
"2003-11-25",25681,27247,25681,26828,23043
"2003-11-26",26443,28149,26443,28132,43887
"2003-11-27",28080,29868,27819,29027,81317
"2003-11-28",28425,29048,27662,27783,29569
"2003-12-01",28053,28756,26828,28056,44162
"2003-12-02",28239,29745,28078,29163,65130
"2003-12-03",29713,29713,28268,28268,30757
"2003-12-04",26308,28637,26308,27995,67047
"2003-12-05",27615,28379,27394,27859,46768
"2003-12-08",27674,30425,27674,29846,108505
"2003-12-09",29306,30130,28422,28405,77969
"2003-12-10",29038,29440,27371,27374,88955
"2003-12-11",27118,28062,27118,27101,78182
"2003-12-12",27541,28244,27541,27722,15075
"2003-12-15",27789,28552,26685,26828,76429
"2003-12-16",26788,27391,26567,27313,43343
"2003-12-17",27257,28361,27056,27237,76899
"2003-12-18",26794,27397,26714,27176,46648
"2003-12-19",26088,27253,26088,26691,29993
"2003-12-22",26575,27258,26314,27040,50302
"2003-12-23",26434,28061,25611,25872,78491
"2003-12-24",25826,26369,25204,25387,36014
"2003-12-26",24661,25404,24119,24644,23317
"2003-12-29",24323,25348,24323,25190,37097
"2003-12-30",25093,26801,25093,25053,27173
"2004-01-02",24940,25201,24720,24780,40939
"2004-01-05",24174,24655,24174,24234,35592
"2004-01-06",24322,26250,24261,25326,123172
"2004-01-07",25495,25495,24671,25053,20043
"2004-01-08",24943,26851,24943,25948,55122
"2004-01-09",26695,26695,25329,25872,40530
"2004-01-12",25693,26014,25070,25736,16808
"2004-01-13",25706,26108,25265,25948,20014
"2004-01-14",25488,29063,24945,25812,296848
"2004-01-15",25553,28928,24669,28208,427619
"2004-01-16",28494,28494,26145,26145,110345
"2004-01-19",26459,27403,25093,25053,70438
"2004-01-20",24804,25888,24583,25326,50910
"2004-01-26",25398,27064,24856,25599,192564
"2004-01-27",25894,25954,25211,25736,66318
"2004-01-28",25758,25758,24934,24917,33009
"2004-01-29",24531,25134,23969,24431,62224
"2004-01-30",24397,24658,23975,24098,54539
"2004-02-02",23973,24655,23973,24234,30508
"2004-02-03",24040,24401,23296,23279,37686
"2004-02-04",23443,24187,22740,23142,51345
"2004-02-05",23003,23163,22058,22581,45825
"2004-02-06",22418,23020,22418,22521,29386
"2004-02-09",22601,23003,22119,22581,39306
"2004-02-10",22318,22740,21635,21899,43995
"2004-02-11",22455,22455,21370,21353,107636
"2004-02-12",21180,22185,19733,19776,129862
"2004-02-13",19885,20146,19885,19988,31924
"2004-02-16",20073,22424,20073,22384,149526
"2004-02-17",22393,22593,20123,21489,87589
"2004-02-18",21794,21874,21312,21292,42642
"2004-02-19",21170,22053,21170,21353,63637
"2004-02-20",21375,21858,20552,20534,49954
"2004-02-23",20296,20980,19955,20397,47438
"2004-02-24",20418,21041,20418,20883,47142
"2004-02-25",20919,21060,20075,20397,32823
"2004-02-26",20270,21094,20190,20534,36433
"2004-02-27",20552,20813,20130,20534,17816
"2004-03-02",20689,22858,20689,22035,115287
"2004-03-03",21581,22063,21099,21762,65461
"2004-03-04",21916,24327,21374,23142,110741
"2004-03-05",23270,25519,23150,24977,311077
"2004-03-08",24234,26684,24093,24977,218826
"2004-03-09",25336,25958,24392,24917,86291
"2004-03-10",24377,25059,24095,24841,20660
"2004-03-11",24789,26155,23563,25736,57171
"2004-03-12",25201,26386,22731,24780,44233
"2004-03-15",24636,25198,24375,24977,46587
"2004-03-16",25013,25093,24269,25053,34452
"2004-03-17",24952,26178,24812,25053,61943
"2004-03-18",25883,25883,24698,24841,31457
"2004-03-19",24778,25521,24778,24841,20144
"2004-03-22",24636,25117,24636,24977,20780
"2004-03-23",24806,25207,24665,25190,40238
"2004-03-24",25204,26028,24803,25948,63602
"2004-03-25",26576,29067,26576,28344,516699
"2004-03-26",28616,28616,26568,27374,213956
"2004-03-29",28488,28629,24312,24917,206262
"2004-03-30",24381,25265,24019,24022,101609
"2004-03-31",23834,24517,23834,24098,54973
"2004-04-01",24119,25404,23898,24644,106686
"2004-04-02",24589,24871,24127,24371,24066
"2004-04-06",24665,25629,24665,25190,63976
"2004-04-07",25634,26036,25012,25675,26126
"2004-04-08",25402,25965,24659,24780,54837
"2004-04-09",24872,25354,24731,25053,17934
"2004-04-12",25077,25619,25077,25599,72739
"2004-04-13",26148,26429,24922,25387,57714
"2004-04-14",24702,25525,24702,25387,37823
"2004-04-16",25406,25406,24944,25326,33071
"2004-04-19",24977,26684,24917,24977,43212
"2004-04-20",25954,25954,24930,25736,12916
"2004-04-21",25877,26379,25696,26221,134949
"2004-04-22",26560,26902,25737,26282,112852
"2004-04-23",26714,27196,26573,27176,55571
"2004-04-26",26430,27313,26369,26691,31926
"2004-04-27",26518,27201,25473,26418,28951
"2004-04-28",26450,26712,24804,25326,79990
"2004-04-29",23979,25285,23296,23279,53678
"2004-04-30",23303,23584,23021,23142,56978
"2004-05-03",22055,22738,21633,22035,83240
"2004-05-04",22192,24040,22192,23279,85047
"2004-05-06",23569,24252,22867,23552,92312
"2004-05-07",23269,23951,23148,23613,60839
"2004-05-10",23269,23952,21362,22991,44003
"2004-05-11",21911,23296,21911,23279,69118
"2004-05-12",23306,24411,23306,23688,28415
"2004-05-13",24408,24670,23725,24371,73743
"2004-05-14",24113,24455,23832,24234,21634
"2004-05-17",24262,24403,23298,23961,53262
"2004-05-18",23840,24262,23298,23961,28631
"2004-05-19",23978,24661,23978,24644,33370
"2004-05-20",24260,24802,24260,24644,57692
"2004-05-21",24588,25894,24588,25736,59992
"2004-05-24",26569,26569,25464,26009,72976
"2004-05-25",25323,26147,25062,26009,34828
"2004-05-27",25346,26029,24402,25326,23912
"2004-05-28",25333,27261,25333,26418,201764
"2004-05-31",26016,26699,25212,26418,53596
"2004-06-01",26031,26573,24946,25190,111142
"2004-06-02",24665,25348,24665,25190,23799
"2004-06-03",24934,24934,23710,24917,53504
"2004-06-04",24649,25131,24388,25114,55290
"2004-06-07",25198,25318,24776,24977,5711
"2004-06-08",24917,25057,24375,24977,53787
"2004-06-09",24670,24670,24127,24371,34823
"2004-06-10",24394,24394,23832,24234,16125
"2004-06-11",23780,24041,22595,23961,48700
"2004-06-14",22593,24239,22452,22854,16039
"2004-06-15",23294,23435,22531,23415,27212
"2004-06-16",22459,23424,22258,23203,14337
"2004-06-17",22593,22854,22593,22854,3201
"2004-06-18",22593,22994,22452,22854,26440
"2004-06-21",22595,22856,21570,22718,20948
"2004-06-22",21906,23291,21725,22930,17665
"2004-06-23",22179,23284,20552,20534,21526
"2004-06-24",20008,21916,20008,21899,19593
"2004-06-25",21376,21938,21376,21838,7290
"2004-06-28",22124,22124,21320,21762,10472
"2004-06-29",21168,21710,20947,21489,28974
"2004-06-30",21518,21860,21116,21702,23221
"2004-07-01",21368,21489,21228,21489,15027
"2004-07-02",21431,21571,20547,21353,20379
"2004-07-05",20893,21436,20552,20534,13956
"2004-07-06",20322,20945,20322,20807,10526
"2004-07-07",20546,21229,20004,20185,9367
"2004-07-08",20183,21489,20123,21489,53156
"2004-07-09",21571,21913,20808,21353,20734
"2004-07-12",21662,21662,20577,21019,12519
"2004-07-13",21201,21201,20357,20397,1171
"2004-07-14",20268,20811,20268,20670,5276
"2004-07-15",20552,20692,20270,20534,2200
"2004-07-16",20540,20540,19857,20322,24675
"2004-07-19",20156,20437,19754,20397,2972
"2004-07-20",19998,20399,19436,20322,11815
"2004-07-21",20401,21083,20260,20943,14974
"2004-07-22",20284,20766,19862,20746,7203
"2004-07-23",20009,20552,19868,20534,1290
"2004-07-26",20411,20552,20009,20534,9455
"2004-07-27",20009,20552,20009,20534,1554
"2004-07-28",20411,20953,20009,20534,4613
"2004-07-29",20560,20560,19997,20261,2320
"2004-07-30",19937,20479,19174,20261,3052
"2004-08-02",19602,20285,19602,20124,5210
"2004-08-03",19744,20146,19122,19988,7567
"2004-08-04",19608,19889,19467,19852,3948
"2004-08-05",19582,20406,19180,20185,14471
"2004-08-06",19725,20127,19443,20049,2574
"2004-08-09",19656,19797,19054,19579,4739
"2004-08-10",19245,19727,18964,19366,10356
"2004-08-11",19386,19466,18643,18623,5088
"2004-08-12",18792,18932,17405,18350,41963
"2004-08-13",18067,18750,18067,18411,18444
"2004-08-16",18489,18489,17585,18411,8440
"2004-08-17",17816,18378,17394,18077,24362
"2004-08-18",17670,18373,17609,17592,11381
"2004-08-19",17616,18841,17395,17455,48768
"2004-08-20",17395,17937,17395,17516,13807
"2004-08-23",17403,17665,16841,17243,27531
"2004-08-24",17122,17263,16841,17243,16818
"2004-08-25",17256,17518,17256,17380,11945
"2004-08-26",17207,18372,17207,18214,24706
"2004-08-27",17789,20319,17789,20322,125111
"2004-08-30",21801,21801,18586,19169,83358
"2004-08-31",18763,20069,18763,19366,19485
"2004-09-01",18958,19922,18496,19503,93917
"2004-09-02",19637,19637,18954,18957,11395
"2004-09-03",19053,20278,17527,17728,15689
"2004-09-06",17324,18408,17324,18411,19664
"2004-09-07",17677,19204,17677,17941,4624
"2004-09-08",17951,18774,17609,17592,16432
"2004-09-09",17871,17951,17188,17653,8759
"2004-09-10",17658,17658,17116,17380,14249
"2004-09-13",17514,17514,16831,16834,31682
"2004-09-14",16788,17130,16527,16909,25675
"2004-09-15",16648,16989,16527,16909,13349
"2004-09-16",16538,16799,16457,16500,31349
"2004-09-17",16397,16658,16176,16500,9577
"2004-09-20",16538,16719,16457,16500,19524
"2004-09-21",16283,16564,16143,16424,14726
"2004-09-22",16311,16532,15969,16090,38650
"2004-09-23",16293,16293,15751,16015,10227
"2004-09-24",15739,16020,15739,15742,3717
"2004-09-30",15012,15575,13927,13967,49801
"2004-10-01",13756,14379,13756,14301,21777
"2004-10-04",14190,14793,14190,14574,33399
"2004-10-05",14388,14730,14388,14710,10105
"2004-10-06",14719,15483,14659,14923,22020
"2004-10-07",14784,15266,14101,14847,12498
"2004-10-08",14445,14867,14104,14164,12556
"2004-10-11",13983,14666,13762,14164,8225
"2004-10-12",13917,13917,13575,13558,14984
"2004-10-13",13849,14874,13567,13892,27366
"2004-10-14",14258,14258,13495,13558,10343
"2004-10-15",13556,13837,13295,13619,33344
"2004-10-18",13295,13978,13295,13619,22882
"2004-10-19",13776,13776,13575,13558,7951
"2004-10-20",13180,13722,12477,13421,66888
"2004-10-21",13431,13491,12809,13012,12487
"2004-10-22",13168,13510,12605,13209,22145
"2004-10-25",13302,13302,12619,13285,21843
"2004-10-26",13242,13644,13041,13285,10299
"2004-10-27",13363,13363,12901,13285,3845
"2004-10-28",13293,14236,13293,13755,11108
"2004-10-29",13585,14268,13585,13967,7451
"2004-11-01",14188,14188,13726,13967,2921
"2004-11-02",13708,14110,13708,13892,5345
"2004-11-03",13704,14247,13563,14028,24046
"2004-11-04",14050,14110,13306,13892,10950
"2004-11-05",13990,13990,13567,13892,6823
"2004-11-08",13571,15559,13571,14377,51640
"2004-11-09",14664,14664,13720,14104,18643
"2004-11-10",13849,14110,13768,13892,8438
"2004-11-11",13987,14047,13866,13967,14229
"2004-11-12",14043,14385,13983,14164,11528
"2004-11-15",14039,14400,14039,14240,17572
"2004-11-16",13985,14247,13985,14028,9601
"2004-11-17",14110,15356,14050,15256,61948
"2004-11-18",15216,17063,14594,17046,159094
"2004-11-19",16823,17245,15538,15742,163558
"2004-11-22",15857,15857,14811,15196,36453
"2004-11-23",14923,15405,14581,14983,38075
"2004-11-24",14933,15134,14592,14574,38625
"2004-11-25",14722,15204,14722,14983,37473
"2004-11-26",15012,15092,13927,13967,23424
"2004-11-29",14046,14106,13704,14028,22059
"2004-11-30",14042,15228,13922,14786,86769
"2004-12-01",14730,14931,14248,14710,11253
"2004-12-02",14521,16088,14300,14983,69900
"2004-12-03",15458,15739,14775,15742,25596
"2004-12-06",16029,16149,15064,15469,23847
"2004-12-07",15346,15747,15125,15469,14171
"2004-12-08",15752,17259,15471,16697,68049
"2004-12-09",17138,17138,15772,16636,25004
"2004-12-10",16145,16908,15883,16288,19329
"2004-12-13",16295,17058,16295,16697,29948
"2004-12-14",16829,17652,16568,16970,92545
"2004-12-15",16985,18089,16985,17728,52830
"2004-12-16",18020,18020,17397,17380,23357
"2004-12-17",17387,17748,16844,17728,30243
"2004-12-20",17206,18511,17206,17728,14896
"2004-12-21",17586,17726,16964,17107,9963
"2004-12-22",16157,17403,16157,17243,8671
"2004-12-23",16562,17184,16502,17107,7342
"2004-12-24",16579,17263,16157,17243,6511
"2004-12-27",16650,17112,16570,16834,11926
"2004-12-28",16566,16566,16145,16288,11194
"2004-12-29",16441,17124,15618,17046,4490
"2004-12-30",17122,17805,16720,17243,3701
"2005-01-03",17529,17609,16987,17592,17481
"2005-01-04",17612,17612,16849,16909,12778
"2005-01-05",16445,17810,16445,17592,5485
"2005-01-06",17797,17937,17395,17516,9478
"2005-01-07",17535,17816,17475,17455,21564
"2005-01-10",17468,18372,16986,18214,18358
"2005-01-11",18169,18792,18169,18350,21991
"2005-01-12",18926,19208,17962,18487,22910
"2005-01-13",16799,19070,16799,19033,9133
"2005-01-14",19533,19533,18447,19033,15649
"2005-01-17",19183,21312,19062,21292,41845
"2005-01-18",21629,23838,21086,22854,45688
"2005-01-19",25257,25619,22948,25599,58627
"2005-01-20",26287,28617,23355,26009,619766
"2005-01-21",26022,26986,24115,25463,89743
"2005-01-24",25466,26912,25466,26691,133746
"2005-01-25",25998,28046,25737,27647,74565
"2005-01-26",29873,30054,25132,26418,348191
"2005-01-27",26005,26627,24920,25523,36094
"2005-01-28",24671,25776,23988,25053,32409
"2005-01-31",24731,25977,24530,25053,29186
"2005-02-01",24724,25768,23981,23961,21324
"2005-02-02",24118,25082,22732,23415,18103
"2005-02-03",23425,24108,21918,22581,40212
"2005-02-04",22679,23020,21915,22521,71144
"2005-02-07",23969,24391,22181,22445,42653
"2005-02-11",22733,23276,22452,22854,42512
"2005-02-14",25056,25056,22727,23613,70576
"2005-02-15",24395,24395,22869,22930,38687
"2005-02-16",23296,23296,22192,23279,38940
"2005-02-17",22595,24925,22595,24704,35164
"2005-02-18",25200,25200,24095,24841,17082
"2005-02-21",25344,25545,23978,24644,11779
"2005-02-22",24170,24793,23768,24431,46956
"2005-02-23",23296,23718,22593,23279,15051
"2005-02-24",23294,23837,22732,23415,34140
"2005-02-25",23728,23849,22965,23688,8788
"2005-02-28",23102,24669,22539,23142,67504
"2005-03-02",23558,24019,23276,24022,29254
"2005-03-03",26931,26931,24179,24644,602777
"2005-03-04",24393,27244,23831,26903,225491
"2005-03-07",29998,30138,29455,30118,163957
"2005-03-08",32035,33702,26913,27920,819285
"2005-03-09",28224,30614,27119,30316,332762
"2005-03-10",28358,28759,26691,26691,137364
"2005-03-11",23970,25075,23568,23749,256028
"2005-03-14",23274,24439,23274,24158,76039
"2005-03-15",24841,25062,23274,24158,63245
"2005-03-16",23843,24104,23421,23886,75469
"2005-03-17",23439,24041,23358,23961,33605
"2005-03-18",23351,24255,22950,22930,31572
"2005-03-21",23838,23838,22452,22854,23367
"2005-03-22",22996,23478,22594,23340,24331
"2005-03-23",23083,23846,21998,22581,41821
"2005-03-24",21921,22966,21238,22384,38395
"2005-03-25",20553,23085,20553,22445,35565
"2005-03-28",22446,23149,22446,22991,31108
"2005-03-29",23165,25777,22422,23688,40665
"2005-03-30",23951,23951,22988,23613,20972
"2005-03-31",23080,27118,23000,27101,295050
"2005-04-01",26713,27074,24724,25812,265442
"2005-04-04",26161,28149,25478,25599,172208
"2005-04-06",26161,26161,24314,25599,51013
"2005-04-07",25197,26161,25197,25599,19559
"2005-04-08",26171,26171,25267,25812,38874
"2005-04-11",25354,26178,24952,25053,14636
"2005-04-12",25611,25832,24647,25250,18082
"2005-04-13",25336,25336,23428,24917,47650
"2005-04-14",25204,25686,24240,25387,17870
"2005-04-15",25599,25599,24435,24977,22359
"2005-04-18",24254,24515,23712,24234,18308
"2005-04-19",24653,24934,24392,24917,1629
"2005-04-20",25081,25081,24037,24780,10124
"2005-04-21",25347,25347,23720,23961,17460
"2005-04-22",26569,26569,24581,24644,34700
"2005-04-25",24247,25131,24247,25114,10944
"2005-04-26",24526,26294,24526,25872,33402
"2005-04-27",26512,26572,23559,24704,87959
"2005-04-28",24320,24722,23296,24644,37964
"2005-04-29",23581,24405,23441,23825,8775
"2005-05-02",23277,24020,22935,23340,20223
"2005-05-03",22675,24523,22675,23961,14856
"2005-05-04",23442,24527,23442,24507,2948
"2005-05-06",24529,24529,23725,24371,2291
"2005-05-09",23501,25208,22476,23825,67442
"2005-05-10",23094,23977,22732,23415,9706
"2005-05-11",23627,23627,22602,23067,3578
"2005-05-12",22473,23638,22272,23279,10660
"2005-05-13",22260,23285,22260,23067,6074
"2005-05-16",23084,23426,22602,23067,10616
"2005-05-17",23558,23558,22734,23340,10545
"2005-05-18",22824,23788,22824,23688,17889
"2005-05-19",22965,24130,22965,23688,12355
"2005-05-20",22876,23981,22876,23961,12839
"2005-05-23",24176,24658,23151,24098,55576
"2005-05-24",24666,24666,23581,23825,25852
"2005-05-25",24523,24664,23579,23961,9130
"2005-05-26",24445,24445,23421,23886,7224
"2005-05-27",24316,24316,23493,24098,19846
"2005-05-30",24669,26940,24669,26357,89231
"2005-05-31",26699,26699,25333,26418,60081
"2005-06-01",26620,28046,26279,26282,50918
"2005-06-02",26148,26690,25384,25387,83655
"2005-06-03",26309,26711,24943,25948,130052
"2005-06-07",26450,26932,25887,25948,47150
"2005-06-08",25213,25977,25093,25053,43352
"2005-06-09",25324,25746,25204,25387,61692
"2005-06-10",25079,25822,25079,25463,54470
"2005-06-13",25476,27383,25074,26221,82201
"2005-06-14",26836,26976,25269,25872,54483
"2005-06-15",26016,26699,25071,25114,112990
"2005-06-16",25205,25828,25085,25326,55813
"2005-06-17",25062,25825,24158,24158,72739
"2005-06-20",24232,24774,23831,24295,49176
"2005-06-21",23898,26710,23637,24644,84060
"2005-06-22",24406,24808,23985,24507,34022
"2005-06-23",24047,24730,23846,24371,44221
"2005-06-24",24260,25204,24260,24644,36852
"2005-06-27",24035,24718,23895,24098,58516
"2005-06-28",24582,24582,23276,24022,25404
"2005-06-29",23500,23982,22677,22657,69862
"2005-06-30",22251,23476,22251,22854,74029
"2005-07-01",23283,23705,22741,23203,18256
"2005-07-04",23293,23775,22731,22794,33072
"2005-07-05",22592,23757,22592,23476,49734
"2005-07-06",23611,26964,23269,26964,683363
"2005-07-07",26836,26836,24646,25872,267284
"2005-07-08",25830,26252,24585,25190,150418
"2005-07-11",25266,26512,25085,26494,133498
"2005-07-12",25834,26698,25693,25736,128324
"2005-07-13",25775,26458,25012,25675,71561
"2005-07-14",25330,27118,25330,27101,123208
"2005-07-15",27193,29181,26570,26691,313771
"2005-07-18",26571,28218,26511,27920,125901
"2005-07-19",27796,28560,26772,27920,116667
"2005-07-20",27648,29436,26363,26828,179986
"2005-07-21",26434,26776,22859,25872,89492
"2005-07-22",25470,29728,24988,25872,95012
"2005-07-25",24795,26923,24795,26903,86634
"2005-07-26",26974,27376,26371,26555,60614
"2005-07-27",26706,29316,26706,27449,146504
"2005-07-28",27523,28146,27242,27586,65507
"2005-07-29",27678,29125,27397,29027,119410
"2005-08-01",29435,33331,29295,33334,540171
"2005-08-02",33872,37586,32647,32848,687353
"2005-08-03",32589,35541,32188,33955,326564
"2005-08-04",33983,39045,33140,33682,674441
"2005-08-05",34046,37400,32339,35593,316638
"2005-08-08",34268,36578,30431,30391,289542
"2005-08-09",27820,30492,27820,29709,295328
"2005-08-10",29455,31644,29455,30118,227339
"2005-08-11",29725,30809,28138,29906,140560
"2005-08-12",29977,33751,29776,32848,385685
"2005-08-16",32199,34268,31657,34228,135842
"2005-08-17",34297,37851,34297,36549,324019
"2005-08-18",35608,37235,35126,36412,190279
"2005-08-19",35890,39606,33701,35047,488817
"2005-08-22",34500,36087,34239,35866,146276
"2005-08-23",36313,36996,35208,36215,188911
"2005-08-24",35744,36306,34117,35184,149721
"2005-08-25",36115,36115,33503,33546,69778
"2005-08-26",33567,34370,32865,34092,162917
"2005-08-29",33471,34635,31483,31483,77386
"2005-08-30",31493,32859,30409,31074,90677
"2005-08-31",30891,31855,30127,31074,99751
"2005-09-01",31178,32042,30816,30937,89445
"2005-09-02",31025,31507,29720,30664,65972
"2005-09-05",30181,32390,30121,32029,103771
"2005-09-06",31346,32993,30884,32029,44877
"2005-09-07",32169,32792,31708,32029,58445
"2005-09-08",32263,32464,30555,30937,61464
"2005-09-09",30952,31434,29305,29770,68248
"2005-09-12",29670,30213,29470,29573,65895
"2005-09-13",29471,30696,28245,28208,85996
"2005-09-14",27657,29304,27597,28541,72131
"2005-09-15",27879,28623,27257,27237,85519
"2005-09-16",26838,27943,26296,27783,82200
"2005-09-20",28058,28138,26832,27920,39444
"2005-09-21",27644,28407,27363,27647,39476
"2005-09-22",27373,29302,27373,29224,94267
"2005-09-23",29173,29594,28490,28754,20998
"2005-09-26",29313,29454,28490,28754,39699
"2005-09-27",28289,29052,27325,28754,55225
"2005-09-28",28355,29299,27371,28056,72441
"2005-09-29",27674,28497,27392,27995,38351
"2005-09-30",28446,28989,27823,28208,55105
"2005-10-04",28072,30823,28072,29982,127526
"2005-10-05",29532,30698,28849,28890,78434
"2005-10-06",28930,29532,27945,28890,119741
"2005-10-07",28750,29292,28208,28268,54584
"2005-10-10",28048,29494,28048,29497,103389
"2005-10-11",29809,29869,29247,29709,33944
"2005-10-12",29732,32323,29732,30937,121089
"2005-10-13",30754,31457,30292,30877,69007
"2005-10-14",31342,33269,30800,32848,217902
"2005-10-17",33338,34161,30807,32575,98208
"2005-10-18",32859,36977,30951,31074,736144
"2005-10-19",30942,30942,28814,28814,139486
"2005-10-20",29053,29595,28149,28132,223431
"2005-10-21",27530,30341,27530,29300,191465
"2005-10-24",29305,30551,29044,29770,91981
"2005-10-25",30287,30348,29183,29163,49709
"2005-10-26",28773,30680,28773,29436,100214
"2005-10-27",29235,30540,29235,30118,217430
"2005-10-28",29855,31341,29574,30801,180521
"2005-10-31",31509,31509,30685,31150,115046
"2005-11-01",31173,32198,30912,31013,296556
"2005-11-02",31082,31223,29918,30179,103785
"2005-11-03",30482,31305,29379,29982,200076
"2005-11-04",30258,31483,29917,31483,253228
"2005-11-07",32039,32541,31095,31620,244276
"2005-11-08",31912,33197,31631,32575,380599
"2005-11-09",32460,32882,31998,32242,187878
"2005-11-10",32030,34239,32030,33258,317238
"2005-11-11",33286,33889,32322,32302,107100
"2005-11-14",32053,32334,31510,31832,82647
"2005-11-15",31848,32451,31627,32029,76901
"2005-11-16",31710,33578,31510,33197,177052
"2005-11-17",33440,33500,32737,33061,93048
"2005-11-18",33131,34095,32167,32712,109203
"2005-11-21",32717,33561,32456,32439,222242
"2005-11-22",32529,32850,31344,31347,175680
"2005-11-23",31764,32166,31081,31483,142467
"2005-11-24",31509,32272,30906,31150,144784
"2005-11-25",31079,31982,31019,31423,114597
"2005-11-28",31655,33845,31374,33546,230794
"2005-11-29",32394,35628,32394,34365,301691
"2005-11-30",35400,36304,34798,35320,275164
"2005-12-01",35249,36695,34506,36276,209403
"2005-12-02",36311,38841,35748,36351,371503
"2005-12-05",35893,39870,35752,38748,291716
"2005-12-06",38347,39592,37243,39294,278975
"2005-12-07",40952,40952,37658,37641,239120
"2005-12-08",37117,38342,34104,36276,252049
"2005-12-09",36293,39728,36293,36276,260667
"2005-12-12",37117,38704,36996,38262,114086
"2005-12-13",38341,39586,37658,38323,80232
"2005-12-14",39034,39235,38010,38475,172573
"2005-12-15",38467,44230,38467,41341,516540
"2005-12-16",38365,42061,38365,39430,196943
"2005-12-19",39840,41768,39358,41068,214058
"2005-12-20",41094,46034,40551,43464,394697
"2005-12-21",43500,45127,41512,42918,270063
"2005-12-22",42048,43353,39096,39157,205506
"2005-12-23",38361,39044,35750,38884,124728
"2005-12-26",38016,40144,38016,39703,94339
"2005-12-27",39719,40000,39036,39157,36818
"2005-12-28",38416,39661,37391,39021,59478
"2005-12-29",38637,39661,38014,39021,80775
"2006-01-02",39161,41631,39161,41614,79886
"2006-01-03",41095,41778,40673,41477,69425
"2006-01-04",41625,45119,41625,41826,180876
"2006-01-05",42596,42596,39785,40249,68937
"2006-01-06",41078,41981,39712,39976,74245
"2006-01-09",40293,40836,38927,39430,115252
"2006-01-10",39445,39445,37236,38323,125131
"2006-01-11",38341,38762,37658,38323,28792
"2006-01-12",37047,38634,37047,37853,49964
"2006-01-13",37459,40272,36837,39491,147740
"2006-01-16",38901,40267,38158,40249,80027
"2006-01-17",40127,40670,38541,38945,70648
"2006-01-18",37503,38186,36279,38186,117807
"2006-01-19",36295,38062,35873,36958,104600
"2006-01-20",37050,37190,33836,33819,133817
"2006-01-23",34173,34173,28771,28754,74488
"2006-01-24",26860,29934,26860,28890,84419
"2006-01-25",29174,32105,29174,31483,123715
"2006-01-26",31519,31519,29249,29573,109319
"2006-01-27",30201,31366,29519,31286,96927
"2006-01-31",31106,32471,30423,30664,103386
"2006-02-01",30679,31361,28430,28754,85367
"2006-02-02",28920,29322,27755,28481,99314
"2006-02-03",27521,28506,26698,27783,91011
"2006-02-06",26969,30122,26688,28056,143768
"2006-02-07",28355,29439,27933,28056,82678
"2006-02-08",27867,32244,27867,30801,217803
"2006-02-09",32483,32483,30213,31559,87211
"2006-02-10",31579,31579,29871,30316,61534
"2006-02-13",30425,31911,30284,30528,60439
"2006-02-14",30957,31359,29732,30937,36003
"2006-02-15",31288,31288,29299,29360,58434
"2006-02-16",29180,30827,28919,30528,36108
"2006-02-17",30178,31764,30178,31483,28911
"2006-02-20",31490,35607,30607,32575,204928
"2006-02-21",32870,33753,31765,31969,55631
"2006-02-22",31772,32535,30547,31210,43859
"2006-02-23",31035,31637,30412,31620,58596
"2006-02-24",31033,32198,30912,31013,30214
"2006-02-27",31079,31440,30537,31423,40649
"2006-02-28",32037,32178,31294,31756,32592
"2006-03-02",31485,31967,30883,31347,29514
"2006-03-03",31367,31909,30142,30664,26947
"2006-03-06",30694,30694,29610,30255,32057
"2006-03-07",30285,30687,29060,29846,50392
"2006-03-08",29044,30048,29044,29770,30195
"2006-03-09",30138,30138,29114,30118,44747
"2006-03-10",29975,30798,29433,30801,54030
"2006-03-13",31499,31499,30194,30937,23638
"2006-03-14",30675,30675,29871,30316,8410
"2006-03-15",30323,31166,29982,30725,14675
"2006-03-16",30411,31034,29929,30452,29010
"2006-03-17",30540,30540,29375,29436,17982
"2006-03-20",29504,30267,28962,29906,12187
"2006-03-21",30055,30055,29191,29633,12642
"2006-03-22",29667,29667,28442,29027,11376
"2006-03-23",30281,31445,29317,29982,144055
"2006-03-24",30123,31167,28356,29360,55977
"2006-03-27",29042,29444,27194,27920,53354
"2006-03-28",27873,28616,26688,27374,16508
"2006-03-29",27925,27925,26961,27647,25720
"2006-03-30",27865,28407,27363,27647,51937
"2006-03-31",27363,27985,27363,27647,32465
"2006-04-03",27739,28764,27378,28405,93819
"2006-04-04",28492,31022,27649,30179,131319
"2006-04-05",29635,34012,29635,32848,304364
"2006-04-06",33986,36577,33644,35593,327646
"2006-04-07",36962,38749,35315,36139,577348
"2006-04-10",36142,36905,34637,36685,172363
"2006-04-11",37659,37659,35671,36276,100807
"2006-04-12",34922,36287,34239,35866,80116
"2006-04-13",35857,35857,34813,35335,47863
"2006-04-14",35348,35950,33078,33061,152593
"2006-04-17",33448,37905,33448,35335,329081
"2006-04-18",35431,35732,34286,35411,56101
"2006-04-19",35425,35565,34662,34805,59977
"2006-04-20",33377,34883,33076,33136,120330
"2006-04-21",33975,33975,32830,33212,54084
"2006-04-24",33983,34827,32919,34729,74150
"2006-04-25",35041,35804,33374,34880,66228
"2006-04-26",35556,37544,34492,35639,243534
"2006-04-27",35953,35953,33000,33364,103642
"2006-04-28",33974,35560,32528,35563,87437
"2006-05-02",34062,35508,32536,32757,110242
"2006-05-03",32159,33143,32159,32681,50912
"2006-05-04",32917,32917,32014,32757,32010
"2006-05-08",32239,33525,32239,32985,61351
"2006-05-09",32994,34962,32311,32454,162333
"2006-05-10",32161,33226,31719,32302,94272
"2006-05-11",31702,32144,30096,30862,167560
"2006-05-12",32530,33514,29880,30482,439382
"2006-05-15",29365,30349,28983,29345,71567
"2006-05-16",28814,29356,27689,28814,99760
"2006-05-17",28131,29276,28131,28814,65630
"2006-05-18",27913,29198,27531,28056,44651
"2006-05-19",28063,30273,27923,29573,91597
"2006-05-22",29579,30262,28977,29421,50568
"2006-05-23",29278,29961,29057,29421,74862
"2006-05-24",29416,29577,28814,28814,59056
"2006-05-25",28825,29127,28223,28587,27571
"2006-05-26",27910,30039,27910,28814,56393
"2006-05-29",28223,28605,27159,27601,98476
"2006-05-30",27237,27840,25952,26615,21570
"2006-06-01",26541,26843,25778,26464,8825
"2006-06-02",26175,27160,25874,26236,37602
"2006-06-05",26466,26466,24418,25402,56948
"2006-06-07",25407,25407,22756,24265,15576
"2006-06-08",22982,24287,22761,23203,22909
"2006-06-09",23207,24271,23207,24113,37961
"2006-06-12",22685,23147,22082,23127,85394
"2006-06-13",22978,23520,22596,22596,80496
"2006-06-14",21845,22146,21162,21383,113099
"2006-06-15",22150,22150,21247,21307,101279
"2006-06-16",21546,22068,21244,21990,106311
"2006-06-19",21927,21987,21244,21990,44582
"2006-06-20",21546,21546,20481,21004,68790
"2006-06-21",20929,20929,19724,19867,93282
"2006-06-22",20104,21390,19944,20928,73518
"2006-06-23",20922,20922,19717,20322,43815
"2006-06-26",20241,20241,19337,19639,84608
"2006-06-27",19643,20025,19422,19867,54571
"2006-06-28",19719,19719,19036,19639,47861
"2006-06-29",19428,20634,19428,20473,60858
"2006-06-30",20629,20790,20026,20549,161803
"2006-07-03",20793,23606,20632,21838,654584
"2006-07-04",21617,22159,21014,21838,189902
"2006-07-05",21244,24116,20702,21990,461161
"2006-07-06",21468,22532,21307,21611,145540
"2006-07-07",21605,23212,21384,23051,203674
"2006-07-10",22377,23061,22157,22521,131336
"2006-07-11",22837,23360,21552,21914,225286
"2006-07-12",21987,22590,21606,21990,237987
"2006-07-13",21611,22233,20707,20928,225116
"2006-07-14",20326,20929,19563,19867,130910
"2006-07-18",19432,19814,18970,19033,88274
"2006-07-19",18968,20114,18968,20094,126620
"2006-07-20",20105,20567,19724,19867,104918
"2006-07-21",19556,20480,19255,20322,199977
"2006-07-24",20631,21013,19807,20852,100531
"2006-07-25",21165,21988,20622,20625,103175
"2006-07-26",21176,21477,20493,20473,24187
"2006-07-27",21179,21179,20114,20094,113098
"2006-07-28",20018,20480,19797,20018,28583
"2006-07-31",20628,20628,19724,19867,39463
"2006-08-01",19645,20489,19645,20170,176240
"2006-08-02",20411,20411,19728,19791,30815
"2006-08-03",20619,22748,20619,22748,918343
"2006-08-04",23356,24039,22292,23658,1250424
"2006-08-07",23738,25184,23276,23279,708605
"2006-08-08",22919,23903,22155,23886,443073
"2006-08-09",23906,25031,22842,22824,541075
"2006-08-10",22368,23653,21926,23355,368441
"2006-08-11",24041,24423,21249,21232,450294
"2006-08-14",21391,22978,21090,21914,381321
"2006-08-16",23286,23286,22000,22141,184572
"2006-08-17",22150,23957,21848,22976,405663
"2006-08-18",23742,24727,22457,23582,386145
"2006-08-21",23209,27065,23049,23734,997355
"2006-08-22",24579,25101,23354,24037,214709
"2006-08-23",23814,24416,22529,23051,276964
"2006-08-24",22835,24040,22593,23279,349202
"2006-08-25",23350,23511,22527,22748,125304
"2006-08-28",22665,22967,22063,22066,117406
"2006-08-29",22297,22598,22157,22521,104849
"2006-08-30",22536,23219,22536,22596,86106
"2006-08-31",22982,23284,22540,22824,97521
"2006-09-01",22982,23223,22459,23203,106095
"2006-09-04",23604,23825,22921,23203,123827
"2006-09-05",23649,24110,23046,24113,142359
"2006-09-06",24193,24193,23049,23734,89652
"2006-09-07",23665,23665,22921,23203,87368
"2006-09-08",22986,23529,22986,23127,74869
"2006-09-11",23352,23352,22449,23051,100347
"2006-09-12",22837,23138,22676,22900,78676
"2006-09-13",22836,23961,22836,23961,129079
"2006-09-14",23908,24048,23365,23810,103049
"2006-09-15",24282,24724,23820,24265,151402
"2006-09-18",24280,25023,23658,23658,120951
"2006-09-19",23906,23906,22842,22824,175575
"2006-09-20",22908,23270,22667,22748,88056
"2006-09-21",23058,23058,22536,22596,139688
"2006-09-22",22446,22748,22286,22748,101196
"2006-09-25",22764,23286,22161,22445,155217
"2006-09-26",22603,22925,22382,22445,35818
"2006-09-27",22909,25781,22829,25781,1062429
"2006-09-28",25784,26768,24418,25023,613647
"2006-09-29",25184,26630,24641,24644,670940
"2006-10-02",24719,26466,24277,25402,361700
"2006-10-04",25327,25327,23740,23961,353728
"2006-10-09",24135,24135,20417,20397,463191
"2006-10-10",20486,21852,20486,21232,103943
"2006-10-11",21086,22150,20925,21611,73573
"2006-10-12",21848,24037,21607,22672,202591
"2006-10-13",22837,23440,22295,22596,96934
"2006-10-16",22750,23352,22669,23051,98859
"2006-10-17",22752,23515,21929,22672,67315
"2006-10-18",22665,23428,22444,23431,114453
"2006-10-19",24115,24115,22971,23355,88872
"2006-10-20",24120,24120,23136,23279,172080
"2006-10-23",23280,25188,23280,24568,185346
"2006-10-24",25033,25495,23747,23810,129207
"2006-10-25",23829,24974,23366,24492,95136
"2006-10-26",24494,25859,24273,24795,156178
"2006-10-27",24799,26084,24277,26084,175175
"2006-10-30",26093,27920,25570,26615,386062
"2006-10-31",26632,28058,25568,26994,489779
"2006-11-01",27318,27318,26173,26615,100161
"2006-11-02",26639,26639,25494,26539,161974
"2006-11-03",26082,27005,25861,26767,78727
"2006-11-06",26843,27144,26160,26464,77852
"2006-11-07",26640,26640,25796,25857,64117
"2006-11-08",25787,29744,25647,29724,613935
"2006-11-09",31852,34142,29804,34122,1914372
"2006-11-10",35045,39062,35045,35108,1114032
"2006-11-13",35119,37388,34055,34198,661122
"2006-11-14",35353,37181,34208,35032,577795
"2006-11-15",36413,37698,33681,36094,539667
"2006-11-16",35732,36877,35651,36397,148651
"2006-11-17",35944,37912,35803,36549,248957
"2006-11-20",36485,39658,36485,37914,272310
"2006-11-21",37778,41876,35649,39127,1589875
"2006-11-22",40205,44985,38920,44965,648521
"2006-11-23",46483,48230,38290,38293,4183023
"2006-11-24",35936,36177,32603,32606,2592522
"2006-11-27",33681,34444,32395,32757,849993
"2006-11-28",31706,32610,30642,32151,705520
"2006-11-29",31553,33220,31472,31696,423553
"2006-11-30",32321,32462,30654,30634,369213
"2006-12-01",30788,31410,30185,30710,456160
"2006-12-04",30727,32454,30727,32075,288363
"2006-12-05",32695,33217,31089,31089,953067
"2006-12-06",31400,33810,31240,33288,585523
"2006-12-07",33297,33378,32092,32075,154431
"2006-12-08",31920,35936,31920,33971,516838
"2006-12-11",33760,34744,33459,34122,151677
"2006-12-12",34746,35349,29062,31392,698484
"2006-12-13",30785,31849,30343,31468,88669
"2006-12-14",31779,31779,30352,30634,140418
"2006-12-15",30341,31928,30341,30482,79583
"2006-12-18",30494,32623,30353,32302,121134
"2006-12-19",32619,33081,31715,32378,56717
"2006-12-20",32529,33593,31927,33516,78405
"2006-12-21",34146,35351,33383,34046,222321
"2006-12-22",34358,35804,33675,34880,240622
"2006-12-26",34874,36701,34131,34274,217086
"2006-12-27",33752,39354,33451,39354,390269
"2006-12-28",42018,44689,37921,39809,1175976
"2007-01-02",40200,41264,33894,34198,2148490
"2007-01-03",34670,35192,33525,35032,635783
"2007-01-04",36413,37176,35569,36094,747581
"2007-01-05",36412,37397,33380,35790,479589
"2007-01-08",37085,39435,36403,38293,947742
"2007-01-09",39131,39211,36782,38672,347807
"2007-01-10",38604,38685,35431,35411,381455
"2007-01-11",35506,37314,35426,36473,460727
"2007-01-12",36620,38668,36238,37004,583954
"2007-01-15",37095,38240,36111,36094,479577
"2007-01-16",35646,37554,35425,37534,385806
"2007-01-17",37169,37610,35944,36549,290850
"2007-01-18",36257,39290,36257,38065,630378
"2007-01-19",37847,38911,33811,34956,743367
"2007-01-22",35267,35428,32777,33061,481044
"2007-01-23",32923,34370,32401,33667,257832
"2007-01-24",33823,34446,33221,33364,204300
"2007-01-25",33589,34432,32906,33288,240186
"2007-01-26",32917,33299,31552,33061,232180
"2007-01-29",33681,34143,32917,33061,93064
"2007-01-30",33081,33382,31775,32378,176016
"2007-01-31",32384,32605,31923,31923,78779
"2007-02-01",32094,33299,31773,33061,205804
"2007-02-02",32841,35432,32780,34350,221502
"2007-02-05",34358,36406,34278,35184,179402
"2007-02-06",35192,37020,34750,35032,346152
"2007-02-07",35253,35253,33747,33971,215991
"2007-02-08",33972,34053,33209,33591,159294
"2007-02-09",33381,33984,33220,33743,135201
"2007-02-12",34061,35507,33820,35487,293826
"2007-02-13",35347,36190,34142,34122,261792
"2007-02-14",34581,35646,33457,34805,317752
"2007-02-15",34828,36555,34747,36397,314395
"2007-02-16",36711,37776,35647,36473,272908
"2007-02-20",37084,41943,36542,41705,1090686
"2007-02-21",41786,41786,38292,38975,929399
"2007-02-22",38674,39276,36244,37610,684266
"2007-02-23",37995,38919,36710,38899,572838
"2007-02-26",40129,41575,39607,41174,1011267
"2007-02-27",41258,42463,39592,42463,837771
"2007-02-28",39437,43373,38674,43373,1028163
"2007-03-02",44604,45508,42315,43904,1578274
"2007-03-05",42468,43071,38453,38975,889084
"2007-03-06",38676,40885,37912,39582,1076380
"2007-03-07",39610,40433,37099,37079,402079
"2007-03-08",37177,38382,36193,37762,403285
"2007-03-09",37911,39658,37469,37610,417162
"2007-03-12",37313,38237,37012,37534,403200
"2007-03-13",38368,40034,38066,39733,559224
"2007-03-14",38147,39593,37766,38368,386529
"2007-03-15",39360,43236,38536,41250,1094879
"2007-03-16",42559,43001,40269,42160,549016
"2007-03-19",42463,43366,41178,42084,698021
"2007-03-20",43232,44738,41485,44055,1069694
"2007-03-21",44287,48223,42762,43146,1039064
"2007-03-22",44309,44309,41417,41477,656541
"2007-03-23",41861,42242,40937,42084,405903
"2007-03-26",42176,45510,42176,44890,942421
"2007-03-27",45049,45370,42558,43221,517773
"2007-03-28",43228,44815,39594,40719,756469
"2007-03-29",40638,41702,39594,41705,377939
"2007-03-30",41399,42925,39592,39733,706300
"2007-04-02",39530,39912,38686,39430,308137
"2007-04-03",39510,41096,39510,40416,295641
"2007-04-04",40504,41488,40263,41250,318606
"2007-04-05",42169,42169,40502,40643,203527
"2007-04-06",40257,40719,39595,39658,283662
"2007-04-09",39285,40048,38682,39127,260819
"2007-04-10",39286,40210,39146,39809,241358
"2007-04-11",39744,40206,39222,39506,193462
"2007-04-12",39064,39907,38843,38823,240030
"2007-04-13",38834,40260,38673,39961,244076
"2007-04-16",40119,40721,39898,39961,167068
"2007-04-17",40643,41406,39960,40643,229853
"2007-04-18",41948,44519,40884,40947,851650
"2007-04-19",40941,47086,39435,47089,846472
"2007-04-20",51260,54152,50056,53231,5505828
"2007-04-23",54766,55368,50809,52700,1567890
"2007-04-24",52711,57330,47771,51790,4871345
"2007-04-25",51265,52711,48615,50804,1271762
"2007-04-26",50804,51647,46045,46027,827312
"2007-04-27",45212,46658,39608,39809,1251395
"2007-04-30",39735,41562,39434,40340,551932
"2007-05-02",40942,41786,39818,39961,387470
"2007-05-03",39447,41576,39447,40795,507533
"2007-05-04",40495,42624,40194,42084,469300
"2007-05-07",42463,42925,40797,41098,362655
"2007-05-08",41264,42087,39737,39961,420621
"2007-05-09",39748,40512,39608,39809,285508
"2007-05-10",40345,40345,37995,39203,524719
"2007-05-11",38463,39065,36715,36776,571295
"2007-05-14",37175,38239,36793,37459,276651
"2007-05-15",37925,38387,36720,36700,210348
"2007-05-16",36698,36999,34128,34653,507615
"2007-05-17",33302,35652,33081,35411,843441
"2007-05-18",35425,35425,34501,34501,200495
"2007-05-21",34271,36018,34271,35639,140413
"2007-05-22",35643,36245,34358,34880,189190
"2007-05-23",35034,35115,34131,34274,121353
"2007-05-25",35187,36332,35127,35790,252199
"2007-05-28",36109,36330,34884,35487,110677
"2007-05-29",35498,35940,34875,34956,168009
"2007-05-30",35191,35572,34066,34046,160490
"2007-05-31",34202,34584,34061,34122,156486
"2007-06-01",34208,35132,34067,35032,318048
"2007-06-04",35182,35423,33515,33819,199320
"2007-06-05",33817,34138,31929,32454,210471
"2007-06-07",32141,34129,31840,33971,105953
"2007-06-08",34139,34822,33677,34501,168619
"2007-06-11",34284,35349,33822,34729,143812
"2007-06-12",35350,36716,35049,36397,167271
"2007-06-13",36029,36411,34965,35108,170718
"2007-06-14",36242,36704,35500,36624,184393
"2007-06-15",36787,38454,36406,36549,529834
"2007-06-18",37162,37844,35937,37004,194076
"2007-06-19",37169,38072,36185,36245,247657
"2007-06-20",36029,37174,34141,35487,228716
"2007-06-21",34884,35808,34884,35487,129833
"2007-06-22",35511,37017,35511,36397,170786
"2007-06-25",36192,36714,35649,36094,88997
"2007-06-26",36096,36237,34128,34653,118057
"2007-06-27",34289,35354,33687,33667,91875
"2007-06-28",33755,35503,33755,35184,72257
"2007-06-29",35269,35951,34365,34425,56132
"2007-07-02",33979,35425,33979,34805,68256
"2007-07-03",34822,35264,34441,34501,119330
"2007-07-04",34445,34586,34063,34425,119269
"2007-07-05",34276,34818,33513,33516,77390
"2007-07-06",33381,37318,33381,36397,267759
"2007-07-09",36412,36553,35187,35790,102562
"2007-07-10",36112,36112,34365,34729,98279
"2007-07-11",34367,35352,34367,34350,42752
"2007-07-12",34280,35043,34280,34501,75649
"2007-07-13",34749,35432,34066,34046,70400
"2007-07-16",33825,34448,33765,34046,51913
"2007-07-18",33903,35510,33762,34729,191869
"2007-07-19",34498,35422,34498,35184,96423
"2007-07-20",35556,36540,34813,35639,194729
"2007-07-23",35556,35937,34733,35335,61791
"2007-07-24",34971,36197,34590,35032,72454
"2007-07-25",34494,35337,34434,34956,78741
"2007-07-26",34882,35645,34441,34501,63790
"2007-07-27",34142,35046,33519,34122,87726
"2007-07-30",33446,34871,33446,34653,37876
"2007-07-31",34811,35112,34269,34653,45126
"2007-08-01",34887,35570,32316,34425,85207
"2007-08-02",34136,34658,33453,33516,63794
"2007-08-03",34744,34744,33901,34122,21902
"2007-08-06",34367,34588,33222,34046,58984
"2007-08-07",33765,34588,33765,34046,38139
"2007-08-08",34490,34490,33807,33971,39563
"2007-08-09",34129,34349,33807,33971,48578
"2007-08-10",33687,34289,33305,33667,72589
"2007-08-13",33895,33895,32830,33516,107227
"2007-08-14",33676,33676,31628,32833,128285
"2007-08-16",32527,32527,28129,28132,161481
"2007-08-17",28140,29587,26935,27980,91755
"2007-08-20",27986,30556,27986,29876,100161
"2007-08-21",30944,31084,29880,30786,42141
"2007-08-22",30790,31252,29886,30331,70875
"2007-08-23",30337,31401,30176,30558,64543
"2007-08-24",30352,31035,30192,30634,48846
"2007-08-27",31410,31410,30647,30710,29415
"2007-08-28",30795,33306,30494,32302,66097
"2007-08-29",32619,32780,31334,31999,38910
"2007-08-30",32081,33125,32081,32606,26102
"2007-08-31",32904,34651,32302,32606,204229
"2007-09-03",33140,34888,32457,33364,148680
"2007-09-04",33379,33681,32998,33061,52433
"2007-09-05",32768,33591,32085,32226,40561
"2007-09-06",32001,33286,31920,32606,17085
"2007-09-07",32994,33295,31849,32454,62600
"2007-09-10",32535,32535,30647,31089,37133
"2007-09-11",32007,33072,31024,31847,117255
"2007-09-12",32158,32238,31334,31317,44676
"2007-09-13",32095,32155,31332,31392,24762
"2007-09-14",32014,36111,32014,36094,241781
"2007-09-17",41497,41497,41497,41477,162572
"2007-09-18",47715,47715,47715,47695,19963
"2007-09-19",54841,54841,54841,54823,5741
"2007-09-20",63041,63041,53240,54747,3630163
"2007-09-21",54769,57641,49306,50652,1588020
"2007-09-27",52927,58248,51562,57325,1708423
"2007-09-28",54975,56120,51261,51562,625391
"2007-10-01",51428,54540,47933,52776,667592
"2007-10-02",51871,60667,50124,54444,1080285
"2007-10-04",54454,60518,51724,54595,549822
"2007-10-05",55363,58255,52412,52472,446977
"2007-10-08",54600,55363,50062,52472,358025
"2007-10-09",51179,52324,48609,48833,321946
"2007-10-10",47036,52338,47036,49288,397003
"2007-10-11",50052,51940,48225,48908,297726
"2007-10-12",48526,50353,44591,48908,400101
"2007-10-15",50806,56128,48698,50046,725791
"2007-10-16",50804,51868,45503,49439,281164
"2007-10-17",50070,50211,45591,46254,253436
"2007-10-18",44437,49598,44437,47771,315196
"2007-10-19",47767,51863,46261,51562,238467
"2007-10-22",48524,54065,47018,52321,231409
"2007-10-23",54587,55049,52318,52321,264670
"2007-10-24",53309,55357,51562,51562,247542
"2007-10-25",51483,52487,48752,49136,190394
"2007-10-26",48833,52930,48151,51487,182755
"2007-10-29",53094,53315,51126,52776,137058
"2007-10-30",53089,56884,51563,54595,345012
"2007-10-31",54592,55515,51258,52245,201538
"2007-11-01",54379,54459,51568,53837,173046
"2007-11-02",52488,52488,50360,51487,143402
"2007-11-05",52939,52939,49003,50349,112571
"2007-11-06",51191,51191,48098,49667,99660
"2007-11-07",50798,50798,47926,48529,87125
"2007-11-08",48448,49593,47023,48529,161927
"2007-11-09",49811,51939,48908,50273,109164
"2007-11-12",50055,51561,46561,48529,392740
"2007-11-13",47084,49132,47084,47468,63463
"2007-11-14",49676,49676,45580,46785,182971
"2007-11-15",44900,48534,44900,46406,67895
"2007-11-16",46108,49141,45506,47695,70757
"2007-11-19",47771,48995,47028,47771,65498
"2007-11-20",47322,49210,46559,47847,66081
"2007-11-21",48842,48842,46653,47316,79595
"2007-11-22",46948,48394,45964,46406,44174
"2007-11-23",46955,47035,39523,39506,454557
"2007-11-26",39670,40353,34146,37079,249060
"2007-11-27",34959,38453,34959,37914,100693
"2007-11-28",40883,43614,37168,37914,196165
"2007-11-29",37085,37607,32226,32226,572919
"2007-11-30",33073,36486,32149,34880,255005
"2007-12-03",29654,31843,29654,30862,1319510
"2007-12-04",31080,32606,29654,30862,468483
"2007-12-05",31037,31098,29290,30937,285458
"2007-12-06",29752,31037,29752,30937,206337
"2007-12-07",30948,34884,30425,32075,643986
"2007-12-10",32619,32779,30188,32378,209634
"2007-12-11",32451,32532,30644,32454,206172
"2007-12-12",31086,32451,30785,32454,252800
"2007-12-13",33381,33522,32096,33364,262054
"2007-12-14",33970,35335,32524,35335,445189
"2007-12-17",40555,40555,35335,36540,507349
"2007-12-18",36540,38146,34833,38146,150421
"2007-12-20",37140,39750,37140,38548,115560
"2007-12-21",39148,39348,37240,39351,74220
"2007-12-24",38748,39752,37644,37845,106267
"2007-12-26",38144,38144,35132,36741,195230
"2007-12-27",36738,37742,34128,37745,99139
"2007-12-28",38447,38447,36841,37945,47900
"2008-01-02",38346,38346,36740,38146,108627
"2008-01-03",38344,38344,36437,38046,91589
"2008-01-04",38045,38146,37142,37945,176542
"2008-01-07",38043,38043,36939,37042,91524
"2008-01-08",37142,37443,35536,36339,501951
"2008-01-09",36939,36939,35333,36440,287042
"2008-01-10",35536,36439,31018,31119,1183123
"2008-01-11",32123,32123,28107,28710,438228
"2008-01-14",28308,29412,25899,26200,291718
"2008-01-15",27202,28005,26098,26803,183092
"2008-01-16",28007,30818,26100,29011,482402
"2008-01-17",29310,29912,27503,29212,157164
"2008-01-18",30115,30516,28408,30115,240000
"2008-01-21",30516,31018,29111,29513,62596
"2008-01-22",28408,30115,25698,28710,160409
"2008-01-23",29312,29312,26401,26401,157409
"2008-01-24",27103,28107,26100,26702,192585
"2008-01-25",26401,27806,25096,27003,198986
"2008-01-28",29109,29109,26499,26502,75813
"2008-01-29",27101,27704,24491,25498,177774
"2008-01-30",22787,23490,21683,22185,966597
"2008-01-31",21580,22785,21078,22587,340655
"2008-02-01",22885,23789,22082,22587,333016
"2008-02-04",22484,23488,22183,23390,177373
"2008-02-05",23088,23389,22787,23289,182905
"2008-02-11",22486,22887,21984,21984,213168
"2008-02-12",21078,21982,21078,21583,333329
"2008-02-13",21881,21881,20777,21282,296717
"2008-02-14",21279,22183,21179,21583,405807
"2008-02-15",21580,23688,21580,22888,819268
"2008-02-18",22887,23490,22385,22486,203194
"2008-02-19",22385,23188,22084,22988,373800
"2008-02-20",23287,23889,22584,23390,528042
"2008-02-21",22887,23690,22787,23088,417375
"2008-02-22",23287,23387,22484,22888,209362
"2008-02-25",23186,23186,22183,22587,224733
"2008-02-26",22486,22887,22084,22486,141479
"2008-02-27",22586,23188,22185,22988,448765
"2008-02-28",23690,23690,22987,23490,316349
"2008-02-29",23186,24190,22885,23992,616670
"2008-03-03",23488,25395,23186,24494,1854835
"2008-03-04",24795,28107,24795,26200,3379769
"2008-03-05",26198,26399,24491,24494,856511
"2008-03-06",25096,26401,24493,24895,845578
"2008-03-07",24692,25495,24190,24996,365857
"2008-03-10",27103,27304,24995,25698,1033773
"2008-03-11",25497,26702,24694,24895,380001
"2008-03-12",25294,27904,24692,27907,864479
"2008-03-13",26700,26901,23789,23892,995889
"2008-03-14",24793,24793,22383,22687,337153
"2008-03-17",22084,23389,19374,19374,892426
"2008-03-18",19673,19673,17565,18973,560158
"2008-03-19",19575,19675,17968,18872,487343
"2008-03-20",18970,19974,18468,19274,306374
"2008-03-21",19273,19775,18671,18872,372216
"2008-03-24",18769,19271,18368,18471,273239
"2008-03-25",18569,19071,18167,18170,263202
"2008-03-26",18870,19673,18167,18471,266552
"2008-03-27",18669,20878,18468,18471,1263226
"2008-03-28",18370,18771,16161,17567,1063576
"2008-03-31",17264,17766,15858,15861,788554
"2008-04-01",16059,16661,15457,15861,628621
"2008-04-02",16061,16463,15660,15961,355485
"2008-04-03",16061,16161,15459,15760,280511
"2008-04-04",15760,17567,15760,16262,1214036
"2008-04-07",16463,16563,15961,16262,410815
"2008-04-08",16561,16963,16059,16162,217793
"2008-04-10",16262,17165,16161,17065,421133
"2008-04-11",17163,17464,16762,16865,531087
"2008-04-14",16864,17266,16764,16965,376316
"2008-04-15",17665,19472,17163,17166,7077457
"2008-04-16",16965,16965,16061,16262,1393469
"2008-04-17",16360,16561,16059,16162,525792
"2008-04-18",16161,16362,15660,15660,443327
"2008-04-21",15858,16360,15658,16363,461224
"2008-04-22",16360,16963,16059,16062,321547
"2008-04-23",16059,16360,15858,15861,284463
"2008-04-24",15860,16161,14455,14455,700204
"2008-04-25",14453,15356,14453,14757,540447
"2008-04-28",15158,15258,14154,14355,837163
"2008-04-29",14353,15858,14051,14054,2621840
"2008-04-30",14154,14957,13953,14656,538338
"2008-05-02",14656,15158,14555,14656,551277
"2008-05-06",14856,14856,13551,13953,586544
"2008-05-07",14051,14353,13750,14054,422109
"2008-05-08",13951,14854,13951,14757,508203
"2008-05-09",14856,15158,14455,14656,375595
"2008-05-13",14656,15158,13853,13853,471546
"2008-05-14",13851,14252,13449,13552,347881
"2008-05-15",13351,13551,12648,13150,527845
"2008-05-16",13250,14154,12949,13953,652984
"2008-05-19",13953,14756,13451,13853,878804
"2008-05-20",13851,15858,13650,14757,1404066
"2008-05-21",14856,16965,14555,16965,7520815
"2008-05-22",16563,17667,15459,15459,4603490
"2008-05-23",15858,17665,15557,16664,3632045
"2008-05-26",16463,16663,14455,14455,1937695
"2008-05-27",14756,15158,14154,14355,932548
"2008-05-28",14453,15256,13951,14757,1339585
"2008-05-29",15158,16864,14856,15459,3539770
"2008-05-30",15258,15459,14656,14656,831855
"2008-06-02",14656,15057,14053,14455,808263
"2008-06-03",14455,15358,14154,14455,928765
"2008-06-04",14453,15055,14453,14857,371259
"2008-06-05",15057,16764,14957,15459,2388821
"2008-06-09",15358,15358,14455,14656,718518
"2008-06-10",14555,14856,14053,14355,483495
"2008-06-11",14252,15256,14051,14255,1396589
"2008-06-12",14254,14656,13953,13953,775403
"2008-06-13",14152,14252,13549,13753,419756
"2008-06-16",13752,14355,13551,14154,487002
"2008-06-17",14053,15660,13752,15459,2160740
"2008-06-18",15256,15959,14453,14556,1611388
"2008-06-19",14555,16563,14254,15459,3547607
"2008-06-20",15559,17768,15559,17768,5819080
"2008-06-23",18169,19273,16864,18069,5533515
"2008-06-24",18671,19575,16262,16262,5939920
"2008-06-25",16360,17565,15758,16664,3013228
"2008-06-26",16563,17065,15660,15660,1328595
"2008-06-27",15356,17966,15055,17969,5895961
"2008-06-30",18872,19374,17768,18069,6517534
"2008-07-01",18771,20779,15459,15760,18547319
"2008-07-02",16159,16762,14353,15058,4170306
"2008-07-03",14455,15860,12949,13853,4185121
"2008-07-04",14152,15858,14152,15861,2500032
"2008-07-07",16864,17065,15258,15760,4492233
"2008-07-08",15660,16061,13752,14957,2828287
"2008-07-09",15156,17163,15156,17166,6288333
"2008-07-10",19675,19675,19675,19675,86988
"2008-07-11",22586,22586,19775,21482,23867213
"2008-07-14",20878,24692,20275,24695,20060250
"2008-07-15",26200,26802,22686,23289,16429798
"2008-07-16",23289,26702,23289,26702,12374134
"2008-07-17",27904,29511,23989,23992,22505270
"2008-07-18",23387,25495,21480,22687,12205637
"2008-07-21",23186,24692,22383,22888,6001905
"2008-07-22",22986,26298,22785,26301,11488628
"2008-07-23",25294,26499,23688,23691,11935661
"2008-07-24",23989,25596,22484,22687,9302973
"2008-07-25",22885,24391,22684,22888,4467883
"2008-07-28",23287,23688,20978,21282,2731359
"2008-07-29",20175,20476,19372,19475,3290871
"2008-07-30",20277,20578,19374,19876,2628781
"2008-07-31",20277,21984,19775,20980,4360431
"2008-08-01",20478,21281,19574,19575,1833257
"2008-08-04",19173,20880,19173,19575,2474373
"2008-08-05",20074,20175,18468,18672,1175971
"2008-08-06",18669,19271,17063,17166,2313295
"2008-08-07",17466,18771,16463,17567,3559927
"2008-08-08",17565,18769,17565,18471,1734817
"2008-08-11",19372,21179,19271,19274,5514739
"2008-08-12",19474,20679,18771,19173,2537615
"2008-08-13",19073,21883,18771,19876,6013028
"2008-08-14",20277,20578,19675,19675,1304372
"2008-08-18",19675,20076,17868,17868,1333036
"2008-08-19",17868,18571,17667,17868,828830
"2008-08-20",17868,18169,16663,16764,1130372
"2008-08-21",16563,17266,15459,15660,953930
"2008-08-22",15760,16262,13351,14455,1460576
"2008-08-25",14654,14955,13951,14054,679731
"2008-08-26",13451,14154,12748,13652,779021
"2008-08-27",13851,14051,13349,13552,700296
"2008-08-28",13650,14453,13349,13753,2121022
"2008-08-29",13951,15557,13951,14857,4762577
"2008-09-01",14756,14957,12648,12648,2736310
"2008-09-02",12246,13050,11042,13050,1975568
"2008-09-03",13650,14453,11743,11946,3311838
"2008-09-04",11945,13652,11945,13652,2539365
"2008-09-05",13551,14053,12648,12648,3378328
"2008-09-08",12949,13150,12548,12849,1614316
"2008-09-09",13150,14656,13050,13050,3422454
"2008-09-10",12849,13351,12648,13050,1502880
"2008-09-11",13250,14957,13050,13351,11081326
"2008-09-12",13451,13652,12748,12849,3324735
"2008-09-16",11140,11743,10939,10942,2245969
"2008-09-17",11140,11441,10638,10641,2951116
"2008-09-18",10440,10741,9636,10440,2365915
"2008-09-19",10941,11443,10540,10540,2713821
"2008-09-22",10739,11140,10538,10942,1972548
"2008-09-23",11042,12046,10741,11042,4872405
"2008-09-24",11040,12244,10839,12247,9523659
"2008-09-25",12345,12746,11843,12749,2573316
"2008-09-26",12748,12748,12246,12648,1513151
"2008-09-29",13250,14455,12949,14455,3252935
"2008-09-30",13652,14856,12347,12347,11738516
"2008-10-01",12447,12548,11042,11243,5636906
"2008-10-02",11441,11743,10538,10842,3616923
"2008-10-06",10638,11140,9233,9336,5761011
"2008-10-07",8733,9636,8432,9436,2244145
"2008-10-08",8631,9634,8028,8031,3291292
"2008-10-09",8131,9235,8030,9235,3631524
"2008-10-10",9233,9434,7928,8031,6439915
"2008-10-13",8329,8831,8229,8533,2328853
"2008-10-14",8934,9436,8934,8934,4122754
"2008-10-15",8733,9938,8733,9235,4332382
"2008-10-16",8331,8733,7930,7930,2632950
"2008-10-17",7326,9032,6824,9035,10704142
"2008-10-20",10337,10337,10337,10340,556266
"2008-10-21",9735,10036,8831,9035,8339545
"2008-10-22",8831,9333,7727,8332,5142097
"2008-10-23",8030,8331,7127,7127,2103113
"2008-10-24",7026,7729,6123,6123,2748970
"2008-10-27",5220,5822,5220,5220,1490456
"2008-10-28",4716,5519,4515,5120,4710751
"2008-10-29",5418,5719,4414,4417,3407169
"2008-10-30",4718,5019,4718,5019,1452698
"2008-10-31",5218,5719,5218,5722,1701151
"2008-11-03",5721,6324,5621,6123,2574949
"2008-11-04",6123,6223,5721,6123,1520565
"2008-11-05",6422,7024,6422,7027,2325784
"2008-11-06",6523,7627,6121,6224,2318087
"2008-11-07",5619,6924,5418,6927,1616476
"2008-11-10",7127,7428,6725,7328,1027898
"2008-11-11",7227,7629,6826,7127,1174554
"2008-11-12",7026,8131,6625,8131,3225591
"2008-11-13",8530,8831,7426,8031,2850510
"2008-11-14",8530,8530,7727,7730,1365651
"2008-11-17",7627,8229,6924,8232,1035191
"2008-11-18",8229,9434,8229,8834,3580207
"2008-11-19",8631,10136,8631,10139,3077455
"2008-11-20",10138,10741,8633,8633,2839893
"2008-11-21",8028,9835,8028,9838,1183276
"2008-11-24",10741,11243,10741,11243,688192
"2008-11-25",12447,12849,12447,12849,1699942
"2008-11-26",14453,14754,12947,14757,5855033
"2008-11-27",14756,16663,14455,16262,3431329
"2008-11-28",15959,18669,15758,18672,4053872
"2008-12-01",19474,21381,19474,20679,4334027
"2008-12-02",20476,22484,19673,21282,3980421
"2008-12-03",22285,24393,18169,24393,4296849
"2008-12-04",25798,28007,25798,28007,494086
"2008-12-05",31520,32123,29111,32123,1614971
"2008-12-08",36036,36939,31619,36440,4345060
"2008-12-09",37744,38246,33126,36339,2206357
"2008-12-10",35134,40053,32926,32926,2790877
"2008-12-11",31119,33026,28007,28007,3282917
"2008-12-12",23889,23889,23889,23892,12433
"2008-12-15",20378,20378,20378,20378,66878
"2008-12-16",17364,20074,17364,17367,13793187
"2008-12-17",16864,19876,14856,19876,34575157
"2008-12-18",19876,19976,16965,16965,57382458
"2008-12-19",15459,19073,14455,15961,65076713
"2008-12-22",13652,13953,13652,13652,30829103
"2008-12-23",12847,13549,11642,11645,45310577
"2008-12-24",10739,12044,9936,11444,88795529
"2008-12-26",11441,11743,9835,9838,42699114
"2008-12-29",9636,9636,8432,8432,27509871
"2008-12-30",8331,9536,8231,8733,39051298
"2009-01-02",8934,10038,8733,10038,26691379
"2009-01-05",10941,11443,10239,10741,30403160
"2009-01-06",10538,10638,9634,9838,24560798
"2009-01-07",9938,10239,9235,9436,16031530
"2009-01-08",9133,10839,9032,10842,28351088
"2009-01-09",11642,11743,10136,10641,40937709
"2009-01-12",10438,11140,9434,9537,21490482
"2009-01-13",9434,9835,9032,9537,13965238
"2009-01-14",9636,10540,9436,9938,20373106
"2009-01-15",9636,9636,8532,8733,11116105
"2009-01-16",8932,9032,8530,8834,6784284
"2009-01-19",8932,9133,8631,8834,5157917
"2009-01-20",8831,8932,8229,8332,6267990
"2009-01-21",7828,9032,7426,8533,25354346
"2009-01-22",8731,8831,7928,8031,6256188
"2009-01-23",7830,8231,7227,7328,10656404
"2009-01-28",7428,7729,7227,7428,7430356
"2009-01-29",7528,8030,7428,7629,13434376
"2009-01-30",7526,7828,7326,7529,4018003
"2009-02-02",7526,7828,7125,7228,6161066
"2009-02-03",7227,7629,7127,7328,8141024
"2009-02-04",7426,7526,7024,7228,7048038
"2009-02-05",7227,7227,6826,6826,4558930
"2009-02-06",6926,7227,6725,6826,6985419
"2009-02-09",6926,7830,6424,7830,24931901
"2009-02-10",8028,8731,7928,8232,30669532
"2009-02-11",7727,8430,7426,8031,13036074
"2009-02-12",8131,9235,7428,9235,32902024
"2009-02-13",9737,10138,8733,9235,38628251
"2009-02-16",9133,9735,8831,9637,22636256
"2009-02-17",9636,9837,8231,8432,20117320
"2009-02-18",8030,8934,7729,8432,15800665
"2009-02-19",8430,8731,7727,7730,11765839
"2009-02-20",7528,7629,6725,6826,10848792
"2009-02-23",6723,7326,6523,7027,8761888
"2009-02-24",6725,7026,6525,6625,5146239
"2009-02-25",7125,7125,6422,6425,5804977
"2009-02-26",6523,6924,6221,6425,5144539
"2009-02-27",6422,6523,6221,6425,3246090
"2009-03-02",6324,6424,5721,5822,4067997
"2009-03-03",5521,6525,5320,6324,13673721
"2009-03-04",6424,7227,6123,7127,12950319
"2009-03-05",7225,7526,6623,6726,13177126
"2009-03-06",6424,6625,6223,6324,7092159
"2009-03-09",6322,6623,6221,6224,3559353
"2009-03-10",6121,6422,6021,6224,3791090
"2009-03-11",6424,6625,6324,6324,4582037
"2009-03-12",6424,6826,6223,6625,6076286
"2009-03-13",6723,7024,6221,6425,5647643
"2009-03-16",6424,6424,6123,6123,3825636
"2009-03-17",6123,6324,5922,6123,2792378
"2009-03-18",6221,6623,6121,6425,4645816
"2009-03-19",6525,7328,6324,7328,26799659
"2009-03-20",7326,8329,7326,8332,19543998
"2009-03-23",9333,9534,9333,9537,3882639
"2009-03-24",10941,10941,8633,8934,40693214
"2009-03-25",9034,10239,8432,10239,51580705
"2009-03-26",10741,11745,10440,11745,16241525
"2009-03-27",12847,13449,10337,11143,73570828
"2009-03-30",11040,11843,9534,9537,28173328
"2009-03-31",9434,10939,9233,10942,52092405
"2009-04-01",11241,11943,10638,10942,50878921
"2009-04-02",11142,11443,10440,10540,17054537
"2009-04-03",10638,10839,9634,10139,21444889
"2009-04-06",10239,11042,9737,10239,20828208
"2009-04-07",10337,10839,10136,10340,11450860
"2009-04-08",10337,10638,9835,9838,9727185
"2009-04-09",10136,11241,9835,11143,28695525
"2009-04-10",11542,12144,10739,10942,25464520
"2009-04-13",10841,11845,10440,11243,33171391
"2009-04-14",11343,11443,10640,10741,12540302
"2009-04-15",10640,10640,10038,10239,10066107
"2009-04-16",10339,10941,10239,10540,8223695
"2009-04-17",10640,10941,9737,9938,8983626
"2009-04-20",9737,9938,9135,9235,10363222
"2009-04-21",9032,9936,8631,9537,13066817
"2009-04-22",9634,10136,9333,9637,8712006
"2009-04-23",9735,9835,9434,9537,3675418
"2009-04-24",9634,9735,9133,9336,4521693
"2009-04-27",9536,9737,9034,9135,5695662
"2009-04-28",9235,9436,8331,8432,6796201
"2009-04-29",8329,9634,8129,9537,14544574
"2009-04-30",9536,9636,8733,8733,6547698
"2009-05-04",8731,9133,8731,8834,3112582
"2009-05-06",8932,9133,8731,8834,2824375
"2009-05-07",8934,9536,8833,9235,8207435
"2009-05-08",9235,9636,9034,9235,3303350
"2009-05-11",9536,10540,9335,10540,11356365
"2009-05-12",11243,12046,10841,11845,33948904
"2009-05-13",12044,13048,11040,11143,42696268
"2009-05-14",10941,11745,10640,11343,16148235
"2009-05-15",11642,11943,10136,10641,14947587
"2009-05-18",10438,10939,10136,10942,10734804
"2009-05-19",11544,12447,10941,12046,24675503
"2009-05-20",11745,12246,11243,11343,17091932
"2009-05-21",11343,11544,10540,10741,8101728
"2009-05-22",10438,11140,10438,10842,7070761
"2009-05-25",10538,10638,9233,10139,8331561
"2009-05-26",10036,10237,9434,9537,6987808
"2009-05-27",9636,10239,9135,9135,6359802
"2009-05-28",9032,10036,9032,9637,8295331
"2009-05-29",9835,10337,9333,9336,25687803
"2009-06-01",9333,9534,8932,9035,7731634
"2009-06-02",9135,9536,8934,9235,7579518
"2009-06-03",9333,9634,9032,9537,8087236
"2009-06-04",9636,10239,9135,9135,12631156
"2009-06-05",9235,9737,9034,9135,8571681
"2009-06-08",9235,9536,9034,9135,18605296
"2009-06-09",9235,9737,9034,9235,14173792
"2009-06-10",9235,9436,8833,8934,6986999
"2009-06-11",8833,8934,8532,8633,5749084
"2009-06-12",8530,8932,8430,8834,5765535
"2009-06-15",9032,9936,8932,9336,18655932
"2009-06-16",9233,9333,8932,9035,4528722
"2009-06-17",9034,9034,8633,8733,4051005
"2009-06-18",8833,8833,8532,8633,3095691
"2009-06-19",8633,9034,8532,8733,3915483
"2009-06-22",8731,8831,8430,8533,3261246
"2009-06-23",8229,8530,8129,8232,3654937
"2009-06-24",8331,8532,7930,8131,3396150
"2009-06-25",8030,8331,7830,8131,3935454
"2009-06-26",8231,8833,8131,8432,5809527
"2009-06-29",8430,8430,7326,7730,6770553
"2009-06-30",7727,8831,7225,8834,10411883
"2009-07-01",9333,9835,8631,8834,14084121
"2009-07-02",8831,9333,8430,9035,7993670
"2009-07-03",8833,10339,8633,9737,33191136
"2009-07-06",9636,9737,9235,9235,7566853
"2009-07-07",9335,9436,8934,9135,6919129
"2009-07-08",9034,10239,8934,9235,24326839
"2009-07-09",9335,9737,9034,9436,10038642
"2009-07-10",9434,9634,9032,9035,7556175
"2009-07-13",8733,8733,7930,7930,8940674
"2009-07-14",8129,8430,7828,8031,6196800
"2009-07-15",8028,8430,8028,8232,4055875
"2009-07-16",8229,8329,7828,8031,4763938
"2009-07-17",8030,8130,7729,7830,3831193
"2009-07-20",7930,8131,7830,7930,2478606
"2009-07-21",7930,8131,7729,7930,3473762
"2009-07-22",8028,8631,7928,8232,8550684
"2009-07-23",8231,8532,8030,8432,6078935
"2009-07-24",8530,8631,8129,8232,5226372
"2009-07-27",8331,9335,8231,8733,35956868
"2009-07-28",8633,8934,8331,8432,14265153
"2009-07-29",8430,8530,7727,7730,9047354
"2009-07-30",7727,8028,7526,7730,4726133
"2009-07-31",7830,7930,7729,7830,2208382
"2009-08-03",7828,7928,7627,7730,2770053
"2009-08-04",7828,7828,7627,7730,2407375
"2009-08-05",7828,8831,7526,8834,18115627
"2009-08-06",8932,9634,8229,8232,25021746
"2009-08-07",8331,8432,8030,8131,5333641
"2009-08-10",8229,8430,8028,8232,3081763
"2009-08-11",8229,9133,8129,8332,13688754
"2009-08-12",8331,8331,7930,7930,6183425
"2009-08-13",7930,8131,7830,7930,7762073
"2009-08-14",7930,8030,7729,7830,4262142
"2009-08-17",7727,7828,7627,7730,2985263
"2009-08-18",7629,7830,7528,7629,4028004
"2009-08-19",7627,7727,7426,7529,3462788
"2009-08-20",7528,7629,7328,7428,2960192
"2009-08-21",7528,7629,7227,7428,3800512
"2009-08-24",7426,7426,6824,7027,5887608
"2009-08-25",6924,7024,6623,6726,3488895
"2009-08-26",6723,7225,6723,6927,3981898
"2009-08-27",6926,7328,6826,7127,2817526
"2009-08-28",7125,7225,6824,6927,2212421
"2009-08-31",6926,6926,6725,6826,2059257
"2009-09-01",6824,7426,6623,7228,4549508
"2009-09-02",7026,7328,6926,7328,2943881
"2009-09-03",7125,7426,6924,6927,3009233
"2009-09-04",7024,7125,6723,6927,2534103
"2009-09-07",6926,7328,6926,7127,1909120
"2009-09-08",7225,8129,7125,7529,39730520
"2009-09-09",7428,7528,6625,6826,11091569
"2009-09-10",6824,6824,6322,6425,8285624
"2009-09-11",6424,6625,5822,6023,10451932
"2009-09-14",6021,6121,5719,5722,4287158
"2009-09-15",5719,6021,5519,5722,8407617
"2009-09-16",5820,5820,5619,5622,4170618
"2009-09-17",5621,5621,4818,4818,29196662
"2009-09-18",5017,5218,4816,4919,11623835
"2009-09-21",4918,4918,4617,4818,7273436
"2009-09-22",4918,5521,4718,5220,23337115
"2009-09-23",5119,5119,4617,4718,10286820
"2009-09-24",4617,4918,4517,4718,7093808
"2009-09-25",4716,5218,4716,4919,12570535
"2009-09-28",4918,4918,4617,4718,3071649
"2009-09-29",4716,4816,4314,4417,5831556
"2009-09-30",4414,4615,4314,4417,4100458
"2009-10-01",4416,4517,3915,4216,6682426
"2009-10-05",4214,4716,4013,4417,8353300
"2009-10-06",4515,4716,4414,4417,5412921
"2009-10-07",4416,4517,4216,4216,3734773
"2009-10-08",4214,4414,4013,4317,4265839
"2009-10-09",4316,4718,4216,4216,6875252
"2009-10-12",4316,4617,4216,4517,5930577
"2009-10-13",4615,4615,4314,4618,4292505
"2009-10-14",4617,5019,4517,4818,10827034
"2009-10-15",4716,4816,4414,4618,4312988
"2009-10-16",4617,5219,4617,4718,42708515
"2009-10-19",4515,4615,4214,4317,10310739
"2009-10-20",4316,4416,4115,4216,8081732
"2009-10-21",4113,4414,4013,4116,8621816
"2009-10-22",4115,4216,4015,4216,4735030
"2009-10-23",4216,4517,4115,4216,12189005
"2009-10-26",4314,4314,4113,4116,2960394
"2009-10-27",4115,4216,3915,4015,4686364
"2009-10-28",4015,4015,3714,4015,6478520
"2009-10-29",4015,4115,3513,3714,10061074
"2009-10-30",3611,3913,3611,3815,8998193
"2009-11-02",3714,3814,3613,3714,4897592
"2009-11-03",3712,3812,3511,3614,7508993
"2009-11-04",3613,3915,3613,3915,5830171
"2009-11-05",3915,4015,3814,3915,2934783
"2009-11-06",4015,4216,3915,3915,4243742
"2009-11-09",3915,4015,3814,3915,2229742
"2009-11-10",3913,4013,3712,3815,2805754
"2009-11-11",3814,3814,3613,3714,2234438
"2009-11-12",3712,3812,3611,3815,2563049
"2009-11-13",3814,3814,3513,3513,6413021
"2009-11-16",3511,3611,3210,3313,5367779
"2009-11-17",3310,3411,3009,3112,4806709
"2009-11-18",3109,3310,3009,3112,8134693
"2009-11-19",3212,3513,3111,3413,12605575
"2009-11-20",3310,3411,3210,3313,4182257
"2009-11-23",3312,3513,3212,3413,3368041
"2009-11-24",3513,3814,3312,3413,7049979
"2009-11-25",3413,3513,3212,3212,3014833
"2009-11-26",3210,3310,3109,3112,3132398
"2009-11-27",3111,3212,2810,2911,5164766
"2009-11-30",2909,3109,2909,3112,3293637
"2009-12-01",3109,3109,2909,3112,3114258
"2009-12-02",3009,3109,3009,3012,2034923
"2009-12-03",3009,3210,2909,3012,5231574
"2009-12-04",3009,3109,2909,3112,2121086
"2009-12-07",3009,3109,2909,3012,3897331
"2009-12-08",3009,3109,2909,3012,3131817
"2009-12-09",3111,3111,2911,2911,3081671
"2009-12-10",2909,3109,2909,3012,5075194
"2009-12-11",3009,3109,2909,3012,3176454
"2009-12-14",3009,3109,3009,3012,2211382
"2009-12-15",3009,3210,3009,3012,4078340
"2009-12-16",3111,3312,3011,3212,3906940
"2009-12-17",3312,3413,3111,3212,7708502
"2009-12-18",3212,3413,3111,3413,2678050
"2009-12-21",3413,3513,3212,3413,3091338
"2009-12-22",3312,3413,3111,3212,3441297
"2009-12-23",3212,3312,3011,3212,4705107
"2009-12-24",3210,3310,2909,3012,9481602
"2009-12-28",3212,3413,3111,3413,13454039
"2009-12-29",3413,3513,3111,3212,8071707
"2009-12-30",3212,3212,3011,3212,3511773
"2010-01-04",3109,3210,3009,3112,2782036
"2010-01-05",3109,3210,2909,3112,5502705
"2010-01-06",3011,3111,2911,2911,4432178
"2010-01-07",2909,3109,2909,3012,5630523
"2010-01-08",3011,3111,2911,2911,1728037
"2010-01-11",3011,3011,2810,2911,4585823
"2010-01-12",2911,3011,2911,2911,1592767
"2010-01-13",2911,3111,2810,2911,8144628
"2010-01-14",2911,3011,2810,2911,1898293
"2010-01-15",2911,3011,2810,2911,3285380
"2010-01-18",3009,3210,2909,3112,7100534
"2010-01-19",3109,3210,3009,3012,3984413
"2010-01-20",3011,3111,2911,2911,3503340
"2010-01-21",2911,3011,2810,2911,4177318
"2010-01-22",2909,3109,2808,3112,5670967
"2010-01-25",3011,3111,2911,2911,4678697
"2010-01-26",3009,3009,2808,3012,4067798
"2010-01-27",3009,3009,2808,2811,3228751
"2010-01-28",2810,2911,2610,2710,4549270
"2010-01-29",2708,2708,2407,2510,5274172
"2010-02-01",2509,2610,2308,2409,3522164
"2010-02-02",2409,2610,2308,2610,5188851
"2010-02-03",2610,2610,2409,2409,3586277
"2010-02-04",2509,2710,2409,2710,8017935
"2010-02-05",2608,3109,2608,3012,27409444
"2010-02-08",2909,3009,2708,2811,9427283
"2010-02-09",2808,3210,2708,2811,25760145
"2010-02-10",2708,2808,2608,2811,4856181
"2010-02-11",2810,2911,2610,2610,4364324
"2010-02-12",2608,2909,2608,2811,4939890
"2010-02-16",2810,3212,2610,2911,14148598
"2010-02-17",2909,2909,2708,2811,5678612
"2010-02-18",2710,2810,2710,2710,2848709
"2010-02-19",2710,2810,2610,2610,4235376
"2010-02-22",2710,2810,2610,2710,2742826
"2010-02-23",2710,2810,2610,2610,2773360
"2010-02-24",2610,2710,2509,2710,3419824
"2010-02-25",2610,2710,2509,2610,3309007
"2010-02-26",2608,2608,2507,2510,1899613
"2010-03-02",2507,2708,2407,2510,6917703
"2010-03-03",2509,2509,2409,2409,3349583
"2010-03-04",2407,2507,2306,2510,2016379
"2010-03-05",2509,2509,2409,2409,1222104
"2010-03-08",2507,2507,2407,2510,2001479
"2010-03-09",2409,2509,2308,2409,3702569
"2010-03-10",2409,2509,2308,2409,2511070
"2010-03-11",2409,2509,2308,2409,2848973
"2010-03-12",2409,2509,2308,2409,2175820
"2010-03-15",2509,2509,2308,2409,3228801
"2010-03-16",2407,2507,2306,2309,1508963
"2010-03-17",2409,2509,2308,2409,2867400
"2010-03-18",2409,2409,2308,2409,1360145
"2010-03-19",2308,2308,2108,2208,5099814
"2010-03-22",2407,2507,2407,2510,4496441
"2010-03-23",2708,2808,2306,2510,9948431
"2010-03-24",2409,2509,2208,2208,4450776
"2010-03-25",2208,2308,2108,2208,3624027
"2010-03-26",2206,2306,2206,2309,1359647
"2010-03-29",2306,2407,2206,2309,3477305
"2010-03-30",2409,2509,2308,2409,3040125
"2010-03-31",2509,2710,2409,2710,18309468
"2010-04-01",2810,2911,2409,2409,23910358
"2010-04-02",2507,2608,2306,2309,7739236
"2010-04-05",2407,2507,2306,2309,4638784
"2010-04-06",2409,2409,2208,2409,3355855
"2010-04-07",2407,2507,2306,2510,1929628
"2010-04-08",2509,2509,2308,2409,1706438
"2010-04-09",2308,2409,2208,2409,4479861
"2010-04-12",2409,2409,2208,2208,4006649
"2010-04-13",2306,2407,2306,2309,1738147
"2010-04-14",2308,2409,2308,2409,1211351
"2010-04-15",2407,2407,2306,2309,2313751
"2010-04-16",2306,2306,2206,2309,1588805
"2010-04-19",2108,2610,2007,2409,29366401
"2010-04-20",2507,2507,2206,2309,4974751
"2010-04-21",2306,2407,2206,2309,2736891
"2010-04-22",2308,2308,2208,2208,1967217
"2010-04-23",2206,2407,2206,2309,5897033
"2010-04-26",2407,2407,2206,2309,2297747
"2010-04-27",2306,2306,2106,2309,4258251
"2010-04-28",2306,2306,2206,2309,895137
"2010-04-29",2308,2308,2108,2208,2089164
"2010-04-30",2208,2308,2108,2208,3738205
"2010-05-03",2206,2206,2005,2008,4145463
"2010-05-04",2007,2208,2007,2108,4136290
"2010-05-06",2108,2208,2007,2108,2269555
"2010-05-07",2106,2106,1905,2008,4782807
"2010-05-10",2005,2106,1905,2008,2545110
"2010-05-11",2106,2106,1905,2008,3157226
"2010-05-12",2007,2007,1907,1907,1228223
"2010-05-13",1907,2108,1907,2108,3879748
"2010-05-14",2208,2208,2007,2108,1739725
"2010-05-17",2005,2106,1905,2008,4774488
"2010-05-18",2005,2106,1905,2008,3997492
"2010-05-19",2005,2005,1905,2008,747270
"2010-05-20",2007,2007,1806,1907,2579768
"2010-05-24",1905,2005,1804,2008,1056962
"2010-05-25",2007,2208,1706,1907,11071903
"2010-05-26",2005,2005,1905,2008,1208504
"2010-05-27",2005,2106,1905,2008,6660333
"2010-05-28",1907,2007,1907,1907,1894912
"2010-05-31",1905,2005,1804,1807,2003820
"2010-06-01",1804,2005,1804,2008,5061190
"2010-06-03",2005,2106,1704,1707,9848017
"2010-06-04",1606,1907,1606,1907,19668479
"2010-06-07",2007,2108,1907,2108,9595765
"2010-06-08",2106,2407,2106,2309,15099535
"2010-06-09",2306,2507,2005,2008,25378634
"2010-06-10",1907,2007,1907,1907,3566211
"2010-06-11",2007,2007,1907,1907,2699426
"2010-06-14",1907,2108,1907,1907,4431771
"2010-06-15",2005,2106,1905,2008,4223683
"2010-06-16",2108,2208,2007,2108,2931397
"2010-06-17",2108,2108,2007,2108,1000847
"2010-06-18",2007,2409,1907,2208,12714344
"2010-06-21",2206,2306,2005,2008,6715610
"2010-06-22",2005,2106,2005,2008,1826469
"2010-06-23",2005,2106,1905,2008,2069491
"2010-06-24",2005,2106,1905,2008,3182969
"2010-06-25",2005,2106,1905,2008,2916391
"2010-06-28",2005,2106,1905,2008,2260409
"2010-06-29",2007,2108,1907,1907,3302961
"2010-06-30",1907,2007,1907,1907,1619404
"2010-07-01",1905,2005,1905,2008,1236629
"2010-07-02",1905,2005,1804,2008,3316430
"2010-07-05",1907,2007,1907,1907,903327
"2010-07-06",2005,2005,1905,2008,645590
"2010-07-07",2005,2005,1905,2008,998065
"2010-07-08",2005,2106,1905,2008,4505672
"2010-07-09",2005,2106,1905,2008,1832951
"2010-07-12",2007,2208,1907,2108,7248981
"2010-07-13",2106,2206,2005,2008,1686493
"2010-07-14",2005,2106,2005,2008,1643126
"2010-07-15",2007,2108,1907,2108,2948391
"2010-07-16",2005,2106,1905,2008,1798755
"2010-07-19",2007,2108,1907,2108,895443
"2010-07-20",2005,2106,1905,2008,1600045
"2010-07-21",2007,2108,1907,1907,1202648
"2010-07-22",2007,2108,1907,2108,3012478
"2010-07-23",2108,2108,1907,2108,3100553
"2010-07-26",2005,2106,2005,2008,1587341
"2010-07-27",2005,2106,1905,2008,1890306
"2010-07-28",2005,2106,1905,2008,812895
"2010-07-29",2005,2106,1905,2008,1233262
"2010-07-30",2005,2106,2005,2008,2673105
"2010-08-02",2005,2306,2005,2309,8285255
"2010-08-03",2610,2610,2509,2610,7074120
"2010-08-04",0,0,0,2610,0
"2010-08-05",0,0,0,2610,0
"2010-08-06",0,0,0,2610,0
"2010-08-09",0,0,0,2610,0
"2010-08-10",0,0,0,2610,0
"2010-08-11",0,0,0,2610,0
"2010-08-12",0,0,0,2610,0
"2010-08-13",0,0,0,2610,0
"2010-08-16",0,0,0,2610,0
"2010-08-17",0,0,0,2610,0
"2010-08-18",0,0,0,2610,0
"2010-08-19",0,0,0,2610,0
"2010-08-20",0,0,0,2610,0
"2010-08-23",2610,3000,2610,3000,262494
"2010-08-24",3450,3450,3450,3450,36426
"2010-08-25",3965,3965,3305,3640,4307760
"2010-08-26",3750,3800,3225,3390,1709971
"2010-08-27",3380,3385,3090,3290,1530040
"2010-08-30",3475,3475,3005,3285,1277044
"2010-08-31",3300,3455,3105,3250,743355
"2010-09-01",3170,3680,3015,3120,2588859
"2010-09-02",3185,3200,2800,2815,847797
"2010-09-03",2795,2810,2395,2395,1148146
"2010-09-06",2395,2395,2195,2200,909210
"2010-09-07",2220,2405,2180,2285,895634
"2010-09-08",2240,2250,2000,2050,579239
"2010-09-09",2060,2060,1900,1940,622119
"2010-09-10",1950,2015,1900,1945,405472
"2010-09-13",1945,1965,1820,1850,433411
"2010-09-14",1810,1860,1705,1810,1383233
"2010-09-15",1800,1830,1605,1730,268351
"2010-09-16",1760,1935,1710,1800,683991
"2010-09-17",1800,1865,1715,1765,290112
"2010-09-20",1770,1880,1770,1810,375393
"2010-09-24",1810,1955,1805,1905,542442
"2010-09-27",1920,1930,1815,1815,226900
"2010-09-28",1795,1815,1745,1755,207871
"2010-09-29",1755,1820,1735,1760,123076
"2010-09-30",1760,1795,1690,1745,169637
"2010-10-01",1755,1755,1685,1695,168608
"2010-10-04",1695,1730,1670,1690,130054
"2010-10-05",1685,1700,1640,1650,112734
"2010-10-06",1665,1700,1595,1660,141142
"2010-10-07",1685,1690,1595,1620,133185
"2010-10-08",1600,1620,1560,1585,176340
"2010-10-11",1585,1590,1480,1500,239910
"2010-10-12",1470,1515,1405,1500,178618
"2010-10-13",1515,1565,1455,1465,127794
"2010-10-14",1500,1680,1470,1680,512928
"2010-10-15",1665,1680,1595,1625,397412
"2010-10-18",1640,1640,1575,1610,133749
"2010-10-19",1610,1650,1540,1620,92231
"2010-10-20",1620,1620,1545,1580,118531
"2010-10-21",1580,1600,1550,1550,78951
"2010-10-22",1570,1570,1495,1510,141346
"2010-10-25",1510,1700,1435,1600,567710
"2010-10-26",1660,1660,1500,1545,175138
"2010-10-27",1550,1590,1465,1480,403181
"2010-10-28",1480,1555,1480,1510,207867
"2010-10-29",1540,1695,1505,1615,674425
"2010-11-01",1650,1680,1550,1580,254346
"2010-11-02",1600,1720,1570,1705,389302
"2010-11-03",1725,1750,1670,1700,273185
"2010-11-04",1700,1740,1610,1650,142051
"2010-11-05",1650,1720,1630,1690,120695
"2010-11-08",1665,1685,1600,1605,135891
"2010-11-09",1610,1635,1575,1610,78726
"2010-11-10",1590,1600,1515,1555,122087
"2010-11-11",1555,1600,1540,1550,65852
"2010-11-12",1555,1585,1490,1550,136703
"2010-11-15",1540,1540,1470,1500,87177
"2010-11-16",1500,1580,1460,1580,45912
"2010-11-17",1585,1585,1495,1520,58127
"2010-11-18",1545,1560,1485,1545,43807
"2010-11-19",1560,1560,1520,1540,58176
"2010-11-22",1525,1575,1500,1525,59482
"2010-11-23",1500,1540,1500,1530,72915
"2010-11-24",1425,1535,1425,1530,83702
"2010-11-25",1545,1755,1500,1700,497161
"2010-11-26",1700,1700,1520,1550,346895
"2010-11-29",1530,1610,1510,1550,105520
"2010-11-30",1515,1550,1465,1490,209540
"2010-12-01",1500,1540,1475,1485,68717
"2010-12-02",1500,1510,1475,1475,107008
"2010-12-03",1475,1510,1465,1490,71873
"2010-12-06",1515,1520,1490,1520,71486
"2010-12-07",1520,1550,1500,1510,57202
"2010-12-08",1500,1580,1495,1535,135611
"2010-12-09",1545,1730,1530,1535,687186
"2010-12-10",1540,1570,1515,1515,106097
"2010-12-13",1520,1555,1510,1530,71405
"2010-12-14",1555,1575,1525,1540,113998
"2010-12-15",1550,1580,1530,1530,117772
"2010-12-16",1620,1755,1610,1750,3350977
"2010-12-17",1700,1700,1550,1550,1633273
"2010-12-20",1555,1555,1400,1475,476937
"2010-12-21",1500,1535,1455,1505,273036
"2010-12-22",1520,1545,1470,1505,183178
"2010-12-23",1505,1515,1460,1485,108054
"2010-12-24",1480,1495,1450,1460,162071
"2010-12-27",1460,1495,1425,1445,122343
"2010-12-28",1445,1450,1395,1425,193946
"2010-12-29",1485,1495,1410,1435,269095
"2010-12-30",1435,1460,1430,1455,118670
"2011-01-03",1445,1465,1445,1450,113190
"2011-01-04",1450,1560,1450,1510,243180
"2011-01-05",1520,1585,1505,1520,199992
"2011-01-06",1535,1535,1470,1490,133562
"2011-01-07",1490,1495,1450,1475,88263
"2011-01-10",1460,1480,1430,1470,157002
"2011-01-11",1475,1485,1440,1485,124254
"2011-01-12",1485,1520,1475,1510,129813
"2011-01-13",1510,1510,1480,1495,116231
"2011-01-14",1495,1500,1465,1495,148909
"2011-01-17",1480,1505,1460,1480,158550
"2011-01-18",1460,1495,1455,1480,113419
"2011-01-19",1450,1500,1450,1495,60158
"2011-01-20",1475,1490,1450,1475,79605
"2011-01-21",1460,1470,1430,1450,92750
"2011-01-24",1455,1455,1400,1430,113407
"2011-01-25",1445,1445,1405,1420,68432
"2011-01-26",1420,1430,1400,1420,44485
"2011-01-27",1410,1450,1405,1430,42477
"2011-01-28",1435,1445,1390,1415,89711
"2011-01-31",1400,1405,1350,1375,97474
"2011-02-01",1370,1400,1370,1385,69675
"2011-02-07",1385,1395,1350,1390,90566
"2011-02-08",1375,1400,1375,1390,78402
"2011-02-09",1395,1405,1350,1380,112300
"2011-02-10",1380,1385,1345,1350,67210
"2011-02-11",1355,1355,1290,1335,96492
"2011-02-14",1335,1340,1295,1300,117643
"2011-02-15",1300,1315,1280,1310,86053
"2011-02-16",1310,1385,1310,1315,102066
"2011-02-17",1320,1340,1270,1285,85697
"2011-02-18",1280,1280,1215,1275,106547
"2011-02-21",1265,1300,1265,1285,42464
"2011-02-22",1285,1295,1260,1280,52649
"2011-02-23",1280,1285,1245,1260,39903
"2011-02-24",1350,1435,1320,1365,478647
"2011-02-25",1365,1370,1295,1305,162558
"2011-02-28",1285,1310,1255,1290,39198
"2011-03-02",1290,1300,1265,1270,53596
"2011-03-03",1240,1290,1240,1250,121220
"2011-03-04",1260,1270,1240,1255,80226
"2011-03-07",1255,1275,1245,1265,75708
"2011-03-08",1260,1285,1260,1280,82065
"2011-03-09",1305,1425,1290,1395,265897
"2011-03-10",1430,1455,1340,1360,188582
"2011-03-11",1330,1370,1315,1330,118033
"2011-03-14",1315,1320,1230,1300,69933
"2011-03-15",1300,1300,1105,1240,113608
"2011-03-16",1260,1265,1220,1240,71092
"2011-03-17",1225,1235,1200,1220,46257
"2011-03-18",1230,1240,1205,1210,49441
"2011-03-21",1210,1270,1210,1265,65147
"2011-03-22",1315,1315,1245,1260,112540
"2011-03-23",1365,1365,1280,1295,84392
"2011-03-24",1285,1330,1270,1295,86678
"2011-03-25",1295,1305,1250,1295,88720
"2011-03-28",1300,1305,1260,1280,53442
"2011-03-29",1285,1380,1275,1300,149281
"2011-03-30",1290,1330,1290,1300,54604
"2011-03-31",1320,1320,1285,1310,60042
"2011-04-01",1295,1330,1290,1305,60560
"2011-04-04",1335,1380,1310,1375,142319
"2011-04-05",1495,1580,1480,1580,667923
"2011-04-06",1630,1630,1455,1455,1179404
"2011-04-07",1455,1465,1365,1405,481858
"2011-04-08",1390,1455,1390,1420,418813
"2011-04-11",1330,1395,1300,1370,274552
"2011-04-12",1345,1455,1345,1440,254956
"2011-04-13",1410,1505,1385,1440,252465
"2011-04-14",1440,1490,1420,1445,213024
"2011-04-15",1445,1450,1390,1400,177587
"2011-04-18",1400,1430,1330,1375,107251
"2011-04-19",1370,1390,1290,1310,173664
"2011-04-20",1310,1345,1285,1320,144035
"2011-04-21",1305,1320,1285,1305,112034
"2011-04-22",1305,1325,1285,1320,47770
"2011-04-25",1315,1315,1290,1300,81402
"2011-04-26",1310,1310,1255,1260,94723
"2011-04-27",1265,1275,1245,1245,80045
"2011-04-28",1240,1250,1175,1180,160797
"2011-04-29",1200,1240,1180,1215,85394
"2011-05-02",1200,1275,1195,1225,61998
"2011-05-03",1225,1225,1185,1205,66949
"2011-05-04",1200,1210,1180,1200,37561
"2011-05-06",1210,1235,1180,1230,49983
"2011-05-09",1230,1235,1195,1235,20748
"2011-05-11",1240,1265,1205,1230,35800
"2011-05-12",1220,1235,1210,1230,28183
"2011-05-13",1215,1250,1215,1235,26056
"2011-05-16",1230,1240,1200,1210,37339
"2011-05-17",1190,1245,1190,1230,42424
"2011-05-18",1220,1235,1205,1235,28808
"2011-05-19",1220,1270,1215,1240,41101
"2011-05-20",1240,1260,1225,1240,14652
"2011-05-23",1220,1245,1190,1220,54431
"2011-05-24",1215,1230,1190,1230,30877
"2011-05-25",1210,1230,1165,1165,45428
"2011-05-26",1185,1210,1155,1210,53096
"2011-05-27",1195,1215,1160,1160,44424
"2011-05-30",1150,1185,1050,1120,153308
"2011-05-31",1120,1130,999,1010,225209
"2011-06-01",955,997,920,990,331578
"2011-06-02",1000,1020,970,980,63706
"2011-06-03",980,1035,945,988,47018
"2011-06-07",997,997,968,980,12702
"2011-06-08",961,992,961,974,28659
"2011-06-09",978,978,950,969,33648
"2011-06-10",969,1000,953,1000,39056
"2011-06-13",1010,1150,970,1100,158289
"2011-06-14",1080,1180,1050,1140,336263
"2011-06-15",1250,1250,1085,1100,214518
"2011-06-16",1075,1125,1045,1080,53124
"2011-06-17",1060,1095,995,1020,77682
"2011-06-20",1020,1095,965,1025,99019
"2011-06-21",1025,1025,981,1005,21810
"2011-06-22",1005,1005,975,1000,18643
"2011-06-23",1000,1000,978,993,17331
"2011-06-24",979,1020,979,1010,24498
"2011-06-27",1005,1100,1005,1035,28510
"2011-06-28",1040,1055,1015,1050,37773
"2011-06-29",1040,1070,1040,1050,21530
"2011-06-30",1050,1060,995,1055,27026
"2011-07-01",1055,1060,1015,1055,47810
"2011-07-04",1055,1055,1020,1055,34156
"2011-07-05",1055,1060,1035,1055,21527
"2011-07-06",1095,1095,1040,1070,33347
"2011-07-07",1070,1080,1025,1030,52928
"2011-07-08",1030,1055,999,1015,57969
"2011-07-11",1020,1075,1000,1050,52890
"2011-07-12",1015,1050,1000,1020,52647
"2011-07-13",1035,1035,996,1025,59191
"2011-07-14",1025,1030,990,1015,32564
"2011-07-15",1000,1030,997,1030,49915
"2011-07-18",1035,1035,1000,1030,20226
"2011-07-19",1030,1030,995,1020,84496
"2011-07-20",1020,1030,1000,1010,26069
"2011-07-21",1005,1055,1000,1055,131065
"2011-07-22",1040,1070,1030,1050,125862
"2011-07-25",1035,1110,1035,1065,275830
"2011-07-26",1065,1095,1040,1050,83093
"2011-07-27",1045,1080,1045,1065,54626
"2011-07-28",1050,1080,1050,1075,68826
"2011-07-29",1065,1100,1050,1075,74803
"2011-08-01",1080,1090,1055,1080,39573
"2011-08-02",1070,1090,1065,1075,63745
"2011-08-03",1070,1075,1040,1060,89378
"2011-08-04",1075,1130,1010,1055,137184
"2011-08-05",960,1030,950,986,124708
"2011-08-08",940,1000,872,890,153450
"2011-08-09",763,889,757,790,167786
"2011-08-10",813,888,813,859,42624
"2011-08-11",775,854,775,854,26480
"2011-08-12",871,923,870,885,31963
"2011-08-16",887,989,887,937,8804
"2011-08-17",946,960,852,960,56546
"2011-08-18",1020,1075,960,992,204326
"2011-08-19",982,982,871,904,77888
"2011-08-22",905,911,878,903,26493
"2011-08-23",943,943,900,904,42060
"2011-08-24",910,938,877,910,17247
"2011-08-25",913,914,876,906,11475
"2011-08-26",909,910,873,886,37057
"2011-08-29",888,929,880,903,26601
"2011-08-30",910,920,892,911,19025
"2011-08-31",942,942,900,901,22343
"2011-09-01",900,910,887,888,23625
"2011-09-02",903,907,860,863,33166
"2011-09-05",899,899,863,888,10873
"2011-09-06",878,889,788,862,30117
"2011-09-07",880,889,814,879,25317
"2011-09-08",900,920,830,895,53880
"2011-09-09",895,965,810,915,177583
"2011-09-14",939,939,830,924,82040
"2011-09-15",924,1060,895,1060,729805
"2011-09-16",1000,1055,959,1005,461951
"2011-09-19",1035,1035,959,979,118296
"2011-09-20",979,979,911,933,152720
"2011-09-21",912,933,904,923,90291
"2011-09-22",900,954,893,899,59322
"2011-09-23",840,894,834,870,61438
"2011-09-26",910,910,749,818,72181
"2011-09-27",822,899,822,867,39145
"2011-09-28",894,899,858,880,18850
"2011-09-29",899,899,832,865,28390
"2011-09-30",879,900,827,833,63047
"2011-10-04",785,823,780,780,63076
"2011-10-05",780,820,780,798,37114
"2011-10-06",790,840,790,840,11296
"2011-10-07",849,859,812,838,39862
"2011-10-10",859,859,813,830,15722
"2011-10-11",849,849,805,830,63397
"2011-10-12",849,850,816,825,16285
"2011-10-13",825,875,809,834,27600
"2011-10-14",854,854,810,831,21502
"2011-10-17",818,837,818,828,20522
"2011-10-18",827,827,803,809,19030
"2011-10-19",811,830,800,815,20755
"2011-10-20",815,834,801,815,15016
"2011-10-21",823,836,815,827,36320
"2011-10-24",831,850,817,834,42235
"2011-10-25",838,850,817,822,30743
"2011-10-26",814,830,803,830,10074
"2011-10-27",832,832,818,825,21266
"2011-10-28",835,843,810,827,37995
"2011-10-31",827,829,814,820,16990
"2011-11-01",820,825,810,820,6853
"2011-11-02",825,825,790,800,80769
"2011-11-03",809,815,785,800,50904
"2011-11-04",809,820,800,810,7898
"2011-11-07",829,829,791,812,45109
"2011-11-08",805,865,795,800,61295
"2011-11-09",800,815,800,810,9974
"2011-11-10",805,817,777,798,44105
"2011-11-11",826,826,778,795,28727
"2011-11-14",795,815,780,795,45717
"2011-11-15",790,819,780,800,29147
"2011-11-16",800,830,786,830,122430
"2011-11-17",897,898,833,881,260268
"2011-11-18",882,898,802,805,83650
"2011-11-21",800,814,790,807,86419
"2011-11-22",785,819,785,807,43089
"2011-11-23",824,824,789,791,39184
"2011-11-24",776,815,776,800,78500
"2011-11-25",800,806,781,801,15078
"2011-11-28",889,889,789,789,29710
"2011-11-29",830,845,786,839,67983
"2011-11-30",839,882,804,873,95343
"2011-12-01",873,917,863,882,21836
"2011-12-02",906,906,844,885,19946
"2011-12-05",882,890,838,873,28753
"2011-12-06",873,882,841,866,19500
"2011-12-07",866,876,843,872,25484
"2011-12-08",882,882,852,873,14149
"2011-12-09",881,884,850,878,19580
"2011-12-12",899,950,878,902,26266
"2011-12-13",930,930,800,889,53182
"2011-12-14",894,918,841,889,74704
"2011-12-15",894,894,866,886,4944
"2011-12-16",886,970,862,889,18213
"2011-12-19",889,893,820,840,30993
"2011-12-20",864,864,820,855,17302
"2011-12-21",860,911,844,873,42953
"2011-12-22",879,894,845,873,8474
"2011-12-23",853,930,852,899,119737
"2011-12-26",937,937,884,905,27894
"2011-12-27",900,923,890,904,7254
"2011-12-28",901,907,883,899,21063
"2011-12-29",895,906,886,903,13094
"2012-01-02",907,944,904,940,39797
"2012-01-03",935,990,935,966,14571
"2012-01-04",961,989,948,973,36046
"2012-01-05",967,993,927,987,31056
"2012-01-06",972,997,935,953,72056
"2012-01-09",954,978,945,964,18962
"2012-01-10",940,975,905,957,52380
"2012-01-11",992,992,945,961,49938
"2012-01-12",961,980,950,960,20371
"2012-01-13",979,980,940,968,19451
"2012-01-16",972,985,931,941,48250
"2012-01-17",958,976,932,958,18123
"2012-01-18",940,969,938,940,43593
"2012-01-19",945,949,932,940,12152
"2012-01-20",944,944,925,944,23993
"2012-01-25",948,977,911,949,12257
"2012-01-26",949,960,940,953,23822
"2012-01-27",955,955,913,946,18642
"2012-01-30",950,973,926,933,27690
"2012-01-31",940,940,920,932,47788
"2012-02-01",940,947,930,945,80919
"2012-02-02",946,949,930,949,39139
"2012-02-03",950,954,930,948,11191
"2012-02-06",951,955,938,954,20835
"2012-02-07",955,967,941,954,71055
"2012-02-08",958,964,947,959,20951
"2012-02-09",962,962,940,952,22455
"2012-02-10",955,980,950,967,80829
"2012-02-13",975,988,955,985,35617
"2012-02-14",997,1130,989,1130,1068964
"2012-02-15",1295,1295,1295,1295,248656
"2012-02-16",1485,1485,1355,1485,4361899
"2012-02-17",1430,1600,1355,1510,2447810
"2012-02-20",1510,1735,1465,1735,1220988
"2012-02-21",1865,1900,1655,1735,2096705
"2012-02-22",1700,1810,1580,1810,767453
"2012-02-23",1960,1960,1740,1755,608480
"2012-02-24",1740,2000,1585,1820,1266698
"2012-02-27",1800,1840,1700,1750,298601
"2012-02-28",1780,1780,1600,1670,330332
"2012-02-29",1680,1870,1600,1750,673373
"2012-03-02",1740,2010,1740,2010,596427
"2012-03-05",2220,2310,2015,2200,1932800
"2012-03-06",2060,2145,1900,1965,870465
"2012-03-07",1860,2255,1780,2075,960724
"2012-03-08",2080,2290,1980,1980,522720
"2012-03-09",2040,2080,1920,1950,303602
"2012-03-12",1950,2070,1890,1990,249293
"2012-03-13",1990,2030,1890,1915,320459
"2012-03-14",1960,1960,1700,1700,374948
"2012-03-15",1745,1745,1550,1630,578112
"2012-03-16",1605,1700,1570,1580,406930
"2012-03-19",1565,1660,1515,1620,448589
"2012-03-20",1590,1665,1545,1665,328095
"2012-03-21",1660,1900,1630,1680,991293
"2012-03-22",1710,1760,1630,1665,591083
"2012-03-23",1700,1725,1585,1625,348088
"2012-03-26",1610,1650,1585,1620,171340
"2012-03-27",1620,1645,1490,1545,366923
"2012-03-28",1540,1570,1430,1545,236478
"2012-03-29",1585,1615,1485,1490,225417
"2012-03-30",1480,1540,1450,1505,247427
"2012-04-02",1505,1575,1495,1535,202550
"2012-04-03",1535,1545,1445,1470,151234
"2012-04-04",1500,1500,1320,1380,218361
"2012-04-05",1320,1345,1235,1315,310641
"2012-04-06",1315,1390,1280,1365,163143
"2012-04-09",1360,1395,1170,1175,197468
"2012-04-10",1235,1235,1105,1180,154028
"2012-04-12",1180,1275,1155,1270,177374
"2012-04-13",1245,1325,1215,1265,144186
"2012-04-16",1300,1395,1285,1320,195678
"2012-04-17",1305,1380,1290,1310,111043
"2012-04-18",1350,1350,1270,1275,142033
"2012-04-19",1275,1320,1230,1230,152008
"2012-04-20",1250,1250,1165,1220,140280
"2012-04-23",1240,1250,1175,1185,109226
"2012-04-24",1155,1180,1125,1180,160656
"2012-04-25",1200,1230,1175,1200,157163
"2012-04-26",1200,1240,1160,1180,117683
"2012-04-27",1185,1285,1175,1250,225417
"2012-04-30",1315,1435,1280,1435,1024192
"2012-05-02",1450,1590,1395,1485,1030515
"2012-05-03",1475,1475,1280,1390,636292
"2012-05-04",1390,1405,1320,1375,265967
"2012-05-07",1345,1355,1305,1350,163322
"2012-05-08",1370,1550,1350,1550,585526
"2012-05-09",1645,1655,1395,1450,1213340
"2012-05-10",1430,1490,1385,1450,335638
"2012-05-11",1445,1455,1355,1405,401957
"2012-05-14",1375,1440,1325,1390,211850
"2012-05-15",1375,1375,1270,1290,313697
"2012-05-16",1265,1480,1265,1350,1801559
"2012-05-17",1320,1400,1285,1290,483512
"2012-05-18",1250,1480,1240,1420,909462
"2012-05-21",1470,1630,1470,1630,2698007
"2012-05-22",1590,1735,1575,1635,1434548
"2012-05-23",1710,1805,1605,1670,1386262
"2012-05-24",1725,1750,1620,1680,574981
"2012-05-25",1640,1665,1550,1605,806957
"2012-05-29",1590,1845,1560,1745,2040724
"2012-05-30",1760,1860,1725,1760,1215697
"2012-05-31",1740,1760,1650,1755,483495
"2012-06-01",1755,1795,1650,1650,330145
"2012-06-04",1570,1615,1465,1555,478046
"2012-06-05",1535,1575,1420,1470,354701
"2012-06-07",1505,1550,1470,1540,326415
"2012-06-08",1560,1575,1490,1535,199596
"2012-06-11",1545,1680,1545,1630,370063
"2012-06-12",1595,1735,1590,1680,333407
"2012-06-13",1735,1735,1615,1630,217767
"2012-06-14",1630,1755,1600,1700,480688
"2012-06-15",1700,1780,1680,1710,339832
"2012-06-18",1800,1800,1685,1705,266869
"2012-06-19",1705,1705,1640,1670,255744
"2012-06-20",1650,1735,1650,1720,176480
"2012-06-21",1775,1955,1745,1845,1274699
"2012-06-22",1775,1855,1775,1785,288958
"2012-06-25",1820,1865,1775,1835,318559
"2012-06-26",1805,1900,1770,1875,257666
"2012-06-27",1900,2020,1845,1875,697010
"2012-06-28",1925,1935,1825,1860,445119
"2012-06-29",1860,1890,1810,1815,219718
"2012-07-02",1835,1885,1815,1830,153925
"2012-07-03",1845,1845,1770,1795,305665
"2012-07-04",1795,1815,1750,1810,199413
"2012-07-05",1810,1915,1770,1870,474956
"2012-07-06",1860,1890,1825,1885,178893
"2012-07-09",1890,1915,1855,1860,109659
"2012-07-10",1870,1870,1700,1760,403623
"2012-07-11",1735,1795,1685,1690,209143
"2012-07-12",1710,1765,1620,1635,114051
"2012-07-13",1660,1830,1600,1740,175414
"2012-07-16",1775,1790,1730,1755,104056
"2012-07-17",1760,1920,1760,1875,353636
"2012-07-18",1885,1925,1800,1850,301219
"2012-07-19",1850,1905,1820,1840,116267
"2012-07-20",1830,1890,1810,1860,100834
"2012-07-23",1860,2020,1845,1910,693720
"2012-07-24",1940,2090,1780,1850,1119735
"2012-07-25",1910,1910,1810,1810,324409
"2012-07-26",1795,1840,1760,1830,167127
"2012-07-27",1795,1870,1785,1835,142198
"2012-07-30",1855,1855,1710,1710,149827
"2012-07-31",1710,1810,1700,1770,62702
"2012-08-01",1755,1810,1740,1780,28138
"2012-08-02",1700,1800,1700,1755,37566
"2012-08-03",1780,1815,1700,1755,53671
"2012-08-06",1755,1780,1725,1745,72507
"2012-08-07",1770,1860,1735,1745,254214
"2012-08-08",1755,1805,1710,1770,104578
"2012-08-09",1760,1840,1760,1810,91199
"2012-08-10",1775,1815,1755,1800,74663
"2012-08-13",1805,1895,1775,1830,122002
"2012-08-14",1860,1860,1785,1815,53529
"2012-08-16",1820,1820,1770,1770,95428
"2012-08-17",1755,1810,1510,1750,163931
"2012-08-20",1750,1750,1650,1680,139355
"2012-08-21",1680,1730,1650,1650,72387
"2012-08-22",1640,1690,1620,1690,83261
"2012-08-23",1730,1730,1640,1660,112690
"2012-08-24",1635,1695,1615,1670,58996
"2012-08-27",1670,1690,1605,1620,80629
"2012-08-28",1610,1630,1530,1595,185076
"2012-08-29",1605,1630,1550,1585,97397
"2012-08-30",1605,1605,1535,1585,49470
"2012-08-31",1565,1620,1525,1585,65887
"2012-09-03",1590,1680,1570,1650,124009
"2012-09-04",1665,1740,1625,1670,97766
"2012-09-05",1685,1685,1590,1600,64274
"2012-09-06",1635,1665,1600,1620,26009
"2012-09-07",1635,1665,1595,1625,61114
"2012-09-10",1695,1865,1690,1865,1134011
"2012-09-11",1960,2140,1955,2140,1213151
"2012-09-12",2460,2460,2400,2460,546272
"2012-09-13",2690,2700,2440,2590,1897540
"2012-09-14",2590,2845,2465,2730,1150909
"2012-09-17",2770,2800,2600,2730,448397
"2012-09-18",2850,2850,2420,2550,633466
"2012-09-19",2520,2525,2330,2415,742083
"2012-09-20",2545,2775,2530,2775,408441
"2012-09-21",2930,3190,2900,3190,1196121
"2012-09-24",3180,3565,3130,3505,1094652
"2012-09-25",3590,3760,3250,3470,705890
"2012-09-26",3800,3890,3470,3545,471470
"2012-09-27",3615,3825,3500,3620,261901
"2012-09-28",3660,3860,3540,3840,263139
"2012-10-02",3960,3960,3690,3815,189614
"2012-10-04",3850,3895,3650,3735,171170
"2012-10-05",3765,3790,3550,3780,242427
"2012-10-08",3830,3900,3620,3745,127172
"2012-10-09",3680,4305,3635,4305,389472
"2012-10-10",4440,4935,4305,4675,515557
"2012-10-11",4615,4890,4310,4445,307614
"2012-10-12",4395,4440,4030,4230,320447
"2012-10-15",4230,4250,3600,3645,475813
"2012-10-16",3405,4040,3100,3645,636036
"2012-10-17",3645,3850,3465,3465,213017
"2012-10-18",3415,3570,3110,3200,306345
"2012-10-19",3130,3130,2720,2720,942998
"2012-10-22",2570,3125,2490,3110,910623
"2012-10-23",3050,3315,2840,2985,250207
"2012-10-24",2980,2980,2755,2800,213424
"2012-10-25",2840,3080,2775,2930,201794
"2012-10-26",3070,3200,2850,3045,272573
"2012-10-29",2905,2940,2655,2660,299618
"2012-10-30",2740,2985,2610,2925,224098
"2012-10-31",2910,2985,2805,2920,202537
"2012-11-01",2920,2920,2735,2810,218680
"2012-11-02",2830,2830,2640,2705,223641
"2012-11-05",2680,2775,2660,2760,78084
"2012-11-06",2770,2820,2690,2730,96929
"2012-11-07",2705,3050,2540,2800,507211
"2012-11-08",2660,2700,2535,2545,329226
"2012-11-09",2550,2605,2380,2480,217604
"2012-11-12",2480,2545,2260,2320,420861
"2012-11-13",2300,2340,2140,2195,452422
"2012-11-14",2075,2165,2075,2115,281222
"2012-11-15",1960,2080,1800,1830,690829
"2012-11-16",1890,1925,1750,1785,210734
"2012-11-19",1810,1915,1750,1860,297035
"2012-11-20",1890,2135,1865,2135,792721
"2012-11-21",2230,2245,1940,2060,1526330
"2012-11-22",2100,2225,2030,2115,1139200
"2012-11-23",2120,2135,1990,2000,476885
"2012-11-26",2000,2015,1840,1990,566429
"2012-11-27",1980,2015,1865,1900,466417
"2012-11-28",1885,1885,1785,1810,302926
"2012-11-29",1790,2035,1770,1945,561338
"2012-11-30",1925,1970,1880,1955,215203
"2012-12-03",2000,2000,1865,1865,156021
"2012-12-04",1835,1905,1805,1865,166670
"2012-12-05",1835,1870,1630,1640,552251
"2012-12-06",1545,1705,1545,1655,347628
"2012-12-07",1640,1680,1570,1605,196978
"2012-12-10",1595,1620,1505,1580,330672
"2012-12-11",1580,1675,1490,1500,349553
"2012-12-12",1500,1500,1370,1405,462967
"2012-12-13",1415,1495,1390,1470,193004
"2012-12-14",1445,1690,1445,1690,1061239
"2012-12-17",1690,1825,1650,1655,1881294
"2012-12-18",1655,1675,1550,1605,542027
"2012-12-20",1585,1590,1490,1570,305795
"2012-12-21",1550,1690,1550,1570,416179
"2012-12-24",1540,1655,1530,1640,489388
"2012-12-26",1695,1780,1640,1655,946030
"2012-12-27",1690,1710,1655,1670,350307
"2012-12-28",1690,1750,1655,1700,379571
"2013-01-02",1780,1780,1715,1735,283351
"2013-01-03",1740,1820,1695,1810,365620
"2013-01-04",1830,1830,1745,1765,207307
"2013-01-07",1820,1820,1640,1720,270501
"2013-01-08",1710,1745,1685,1705,142693
"2013-01-09",1705,1775,1670,1775,186042
"2013-01-10",1750,1820,1750,1815,254010
"2013-01-11",1815,1815,1750,1760,170825
"2013-01-14",1760,1825,1735,1825,251984
"2013-01-15",1830,1860,1725,1750,299015
"2013-01-16",1790,1790,1720,1745,195732
"2013-01-17",1770,1865,1745,1860,480982
"2013-01-18",1900,1940,1755,1820,633154
"2013-01-21",1815,1945,1760,1930,511414
"2013-01-22",1950,2215,1940,2215,1492790
"2013-01-23",2165,2530,2100,2295,2485165
"2013-01-24",2270,2500,2230,2360,1635588
"2013-01-25",2595,2710,2420,2465,2529080
"2013-01-28",2440,2495,2340,2440,610343
"2013-01-29",2440,2440,2250,2290,727236
"2013-01-30",2340,2480,2225,2425,897556
"2013-01-31",2390,2535,2310,2500,565012
"2013-02-01",2455,2535,2370,2380,647663
"2013-02-04",2395,2450,2315,2315,383434
"2013-02-05",2350,2525,2270,2330,915339
"2013-02-06",2380,2435,2330,2405,403438
"2013-02-07",2430,2510,2385,2505,650679
"2013-02-08",2570,2680,2540,2555,1113721
"2013-02-12",2500,2585,2435,2480,533970
"2013-02-13",2480,2665,2435,2665,481324
"2013-02-14",2630,2765,2615,2745,661057
"2013-02-15",2750,2790,2660,2690,328447
"2013-02-18",2700,2720,2525,2555,482853
"2013-02-19",2565,2650,2505,2650,257207
"2013-02-20",2620,2660,2480,2525,494314
"2013-02-21",2540,2540,2150,2150,1388243
"2013-02-22",2250,2250,2120,2145,513398
"2013-02-25",2140,2155,2075,2145,214883
"2013-02-26",2150,2230,2030,2230,240377
"2013-02-27",2230,2270,2170,2205,164970
"2013-02-28",2255,2285,2175,2245,193284
"2013-03-04",2225,2265,2140,2150,166225
"2013-03-05",2180,2210,2110,2170,148057
"2013-03-06",2175,2195,2085,2090,161385
"2013-03-07",2095,2155,2045,2060,151154
"2013-03-08",2100,2105,1915,1925,533880
"2013-03-11",1985,1985,1825,1925,229966
"2013-03-12",1925,2000,1880,1955,128950
"2013-03-13",1935,1980,1915,1935,85331
"2013-03-14",1940,1980,1910,1965,75686
"2013-03-15",1990,2055,1970,1990,116089
"2013-03-18",1980,2015,1905,1905,113363
"2013-03-19",1905,1950,1890,1905,113726
"2013-03-20",1885,1940,1840,1845,162179
"2013-03-21",1860,1920,1850,1875,132591
"2013-03-22",1890,1910,1865,1905,62775
"2013-03-25",1910,2145,1905,2145,799305
"2013-03-26",2125,2135,2060,2135,259791
"2013-03-27",2150,2150,2060,2100,162091
"2013-03-28",2070,2240,2070,2125,299798
"2013-03-29",2150,2260,2080,2260,368713
"2013-04-01",2400,2440,2280,2290,506739
"2013-04-02",2275,2290,2110,2220,277602
"2013-04-03",2200,2240,2120,2200,157681
"2013-04-04",2190,2230,1900,2060,225332
"2013-04-05",2060,2095,1950,2010,107544
"2013-04-08",1955,2000,1835,1865,238365
"2013-04-09",1805,1875,1710,1800,251988
"2013-04-10",1790,1890,1750,1855,93465
"2013-04-11",1920,1945,1815,1880,85328
"2013-04-12",1865,1905,1825,1840,103534
"2013-04-15",1880,1885,1810,1885,40267
"2013-04-16",1880,1925,1820,1885,127861
"2013-04-17",1915,1915,1820,1860,106761
"2013-04-18",1840,1880,1830,1830,49130
"2013-04-19",1845,1845,1785,1785,100383
"2013-04-22",1760,1825,1755,1790,56465
"2013-04-23",1810,1970,1780,1930,182022
"2013-04-24",1950,2085,1930,1950,114647
"2013-04-25",1920,1985,1850,1920,77804
"2013-04-26",1920,1920,1865,1885,78127
"2013-04-29",1885,1905,1845,1900,38340
"2013-04-30",1905,1970,1850,1855,56709
"2013-05-02",1855,1925,1855,1880,24947
"2013-05-03",1880,1940,1865,1910,46175
"2013-05-06",1960,1965,1905,1940,52819
"2013-05-07",1940,1985,1925,1925,47405
"2013-05-08",2040,2040,1960,1990,69658
"2013-05-09",1975,2120,1955,2050,139769
"2013-05-10",2070,2085,1965,2000,79147
"2013-05-13",2000,2025,1940,1950,112442
"2013-05-14",1930,2115,1925,2100,223149
"2013-05-15",2090,2130,2045,2085,167061
"2013-05-16",2085,2230,2030,2225,438269
"2013-05-20",2315,2460,2140,2155,1362965
"2013-05-21",2150,2235,2125,2200,282949
"2013-05-22",2200,2220,2140,2140,150298
"2013-05-23",2080,2185,2070,2165,137147
"2013-05-24",2170,2200,2080,2100,138623
"2013-05-27",2100,2140,2070,2085,80044
"2013-05-28",2085,2135,2070,2100,115937
"2013-05-29",2100,2220,2085,2205,320013
"2013-05-30",2180,2210,2150,2150,133572
"2013-05-31",2150,2180,2080,2105,123024
"2013-06-03",2105,2140,1895,1900,383030
"2013-06-04",1910,1990,1895,1900,198702
"2013-06-05",1900,1950,1705,1870,212904
"2013-06-07",1820,1930,1810,1845,165187
"2013-06-10",2010,2010,1900,1990,220144
"2013-06-11",1955,2100,1930,2070,314978
"2013-06-12",2065,2165,2010,2160,331686
"2013-06-13",2110,2200,2055,2065,225914
"2013-06-14",2080,2130,1915,2070,210258
"2013-06-17",2080,2085,1965,1970,112758
"2013-06-18",1970,2030,1940,1970,111739
"2013-06-19",1980,2010,1920,1985,106935
"2013-06-20",2030,2055,1915,1990,123441
"2013-06-21",1920,1940,1825,1850,136746
"2013-06-24",1820,1865,1810,1820,110895
"2013-06-25",1700,1820,1625,1675,283887
"2013-06-26",1585,1695,1585,1670,186238
"2013-06-27",1695,1850,1695,1750,220689
"2013-06-28",1760,1900,1755,1785,86738
"2013-07-01",1755,1830,1755,1795,93751
"2013-07-02",1795,1905,1795,1865,186981
"2013-07-03",1855,1925,1820,1820,99353
"2013-07-04",1830,1880,1760,1780,102559
"2013-07-05",1825,1850,1725,1775,151601
"2013-07-08",1775,1815,1715,1715,66615
"2013-07-09",1705,1785,1690,1775,102355
"2013-07-10",1755,1795,1725,1730,58390
"2013-07-11",1715,1770,1715,1750,98603
"2013-07-12",1770,1770,1670,1720,164807
"2013-07-15",1715,1730,1700,1730,52795
"2013-07-16",1730,1775,1710,1770,111915
"2013-07-17",1760,1760,1725,1745,139032
"2013-07-18",1745,1775,1700,1725,94561
"2013-07-19",1730,1750,1700,1705,84099
"2013-07-22",1705,1755,1690,1755,69832
"2013-07-23",1740,1800,1740,1800,123615
"2013-07-24",1780,1830,1755,1770,92663
"2013-07-25",1790,1795,1745,1755,55156
"2013-07-26",1770,1845,1750,1815,117484
"2013-07-29",1815,1820,1725,1745,129449
"2013-07-30",1770,1770,1715,1740,86846
"2013-07-31",1775,1775,1725,1735,139779
"2013-08-01",1750,1755,1725,1730,59572
"2013-08-02",1745,1770,1725,1760,53054
"2013-08-05",1760,1785,1710,1715,78876
"2013-08-06",1735,1750,1710,1745,78775
"2013-08-07",1750,1750,1710,1715,61406
"2013-08-08",1720,1750,1715,1745,48775
"2013-08-09",1730,1745,1710,1745,40718
"2013-08-12",1745,1750,1700,1710,87397
"2013-08-13",1715,1765,1695,1745,65765
"2013-08-14",1775,1775,1695,1705,67286
"2013-08-16",1690,1745,1635,1745,221536
"2013-08-19",1710,1750,1700,1710,102896
"2013-08-20",1710,1725,1675,1680,133422
"2013-08-21",1730,1930,1730,1930,866999
"2013-08-22",2050,2140,1895,1995,2077292
"2013-08-23",1965,2060,1945,2030,969093
"2013-08-26",2005,2125,1910,1910,1082822
"2013-08-27",1940,2125,1895,2020,1906263
"2013-08-28",2035,2040,1860,1910,791298
"2013-08-29",1970,1980,1895,1925,353526
"2013-08-30",1980,2060,1925,1940,925769
"2013-09-02",1920,2030,1905,2030,557161
"2013-09-03",2030,2045,1975,1990,256880
"2013-09-04",1990,2010,1940,1955,189061
"2013-09-05",1970,2075,1890,2045,597826
"2013-09-06",2050,2070,1970,2005,266340
"2013-09-09",2150,2305,1980,1995,1688899
"2013-09-10",1965,2090,1930,1995,753024
"2013-09-11",2030,2110,2005,2090,433749
"2013-09-12",2100,2120,2030,2060,205316
"2013-09-13",2060,2080,1975,2030,165870
"2013-09-16",2055,2055,1985,1985,126111
"2013-09-17",2010,2050,1955,2050,135454
"2013-09-23",2040,2070,1985,1985,127123
"2013-09-24",1955,1990,1915,1925,121579
"2013-09-25",1945,1950,1875,1875,138969
"2013-09-26",1910,1980,1900,1940,159374
"2013-09-27",1970,1970,1915,1935,99727
"2013-09-30",1935,1950,1875,1875,129694
"2013-10-01",1865,1930,1760,1760,184308
"2013-10-02",1770,1845,1760,1805,120012
"2013-10-04",1805,1830,1765,1790,57721
"2013-10-07",1800,1850,1780,1825,46090
"2013-10-08",1865,1930,1800,1820,139459
"2013-10-10",1870,1870,1780,1805,46505
"2013-10-11",1805,1845,1800,1810,74862
"2013-10-14",1840,1840,1790,1800,65179
"2013-10-15",1800,1870,1785,1840,114320
"2013-10-16",1945,1945,1800,1830,168091
"2013-10-17",1830,1830,1775,1775,140922
"2013-10-18",1775,1790,1755,1790,62942
"2013-10-21",1790,1820,1755,1775,54905
"2013-10-22",1800,1820,1770,1790,76283
"2013-10-23",1790,1805,1735,1770,91143
"2013-10-24",1780,1795,1765,1770,89214
"2013-10-25",1770,1810,1745,1770,84000
"2013-10-28",1770,1770,1740,1755,55979
"2013-10-29",1790,1790,1740,1765,33757
"2013-10-30",1775,1780,1740,1780,114596
"2013-10-31",1765,1780,1745,1780,75806
"2013-11-01",1785,1785,1730,1740,113305
"2013-11-04",1775,2000,1755,2000,1257092
"2013-11-05",2030,2060,1975,2030,1645624
"2013-11-06",2030,2055,1950,1995,849825
"2013-11-07",2030,2290,2015,2290,3535850
"2013-11-08",2430,2630,2360,2630,1640399
"2013-11-11",2880,2880,2325,2475,5520616
"2013-11-12",2585,2845,2460,2845,7612060
"2013-11-13",2930,3020,2420,2420,10090074
"2013-11-14",2350,2370,2155,2255,4478972
"2013-11-15",2235,2330,2120,2140,4111619
"2013-11-18",2140,2230,2030,2095,2359431
"2013-11-19",2035,2080,1960,1985,1924463
"2013-11-20",2015,2055,1990,2035,1730793
"2013-11-21",2020,2040,1895,1950,1285660
"2013-11-22",1975,2020,1915,2005,1971375
"2013-11-25",2005,2045,1975,2045,1258016
"2013-11-26",2050,2065,1990,2010,1136132
"2013-11-27",2025,2025,1955,1955,753519
"2013-11-28",1945,1950,1825,1865,1533377
"2013-11-29",1870,1880,1825,1830,576900
"2013-12-02",1835,1845,1775,1785,562981
"2013-12-03",1795,1815,1755,1765,477435
"2013-12-04",1755,1810,1690,1730,653616
"2013-12-05",1745,1780,1715,1765,450454
"2013-12-06",1745,1765,1735,1755,200357
"2013-12-09",1780,1890,1770,1810,1511713
"2013-12-10",1810,1845,1700,1765,1019730
"2013-12-11",1765,1815,1730,1735,472913
"2013-12-12",1715,1785,1710,1750,369342
"2013-12-13",2010,2010,1740,1780,3699262
"2013-12-16",1755,1775,1700,1710,627016
"2013-12-17",1720,1730,1660,1695,393368
"2013-12-18",1675,1870,1650,1760,1903492
"2013-12-19",1745,1775,1715,1740,326563
"2013-12-20",1775,1825,1730,1785,552417
"2013-12-23",1990,2050,1805,1830,4545931
"2013-12-24",1820,1830,1760,1805,816366
"2013-12-26",1790,1865,1790,1855,482073
"2013-12-27",1845,1870,1810,1845,360090
"2013-12-30",1850,1855,1810,1830,208646
"2014-01-02",1880,1940,1800,1825,844657
"2014-01-03",1845,2050,1840,2040,2197042
"2014-01-06",2030,2175,2020,2110,1357156
"2014-01-07",2150,2240,2065,2200,916553
"2014-01-08",2190,2190,2100,2140,755444
"2014-01-09",2105,2200,1965,1965,1304266
"2014-01-10",1960,2240,1930,2050,3054610
"2014-01-13",2050,2125,2010,2085,947834
"2014-01-14",2085,2140,2040,2060,616604
"2014-01-15",2060,2145,2060,2110,849028
"2014-01-16",2110,2240,2070,2150,2270276
"2014-01-17",2160,2200,2070,2100,638710
"2014-01-20",2300,2415,2265,2345,2838274
"2014-01-21",2305,2465,2275,2345,1432937
"2014-01-22",2300,2340,2200,2265,584204
"2014-01-23",2320,2380,2200,2270,728642
"2014-01-24",2265,2450,2250,2450,1381279
"2014-01-27",2470,2580,2370,2500,2217702
"2014-01-28",2530,2875,2375,2875,3900051
"2014-01-29",2895,2920,2550,2595,3624729
"2014-02-03",2620,2795,2550,2605,2393299
"2014-02-04",2570,2580,2410,2475,1322584
"2014-02-05",2545,2590,2360,2410,1222401
"2014-02-06",2440,2770,2440,2570,4698806
"2014-02-07",2670,2695,2540,2610,1825832
"2014-02-10",2750,2795,2630,2700,2268322
"2014-02-11",2660,2690,2575,2615,1350213
"2014-02-12",2700,2735,2555,2590,950691
"2014-02-13",2515,2560,2440,2455,806500
"2014-02-14",2460,2540,2425,2480,589824
"2014-02-17",2475,2680,2475,2645,1596188
"2014-02-18",2640,2720,2585,2700,1158111
"2014-02-19",2755,2855,2650,2700,1862715
"2014-02-20",2735,3090,2720,2875,4994289
"2014-02-21",2910,3020,2780,2880,1559265
"2014-02-24",2875,2980,2805,2820,1100520
"2014-02-25",2830,2950,2730,2760,1090493
"2014-02-26",2800,2800,2695,2750,892984
"2014-02-27",2800,2905,2700,2745,1318934
"2014-02-28",2775,2995,2710,2920,1956593
"2014-03-03",2895,3290,2895,3045,2622430
"2014-03-04",3010,3055,2900,2930,960773
"2014-03-05",2930,2975,2860,2965,1000883
"2014-03-06",2945,3050,2905,2960,605137
"2014-03-07",2770,2795,2685,2750,1186216
"2014-03-10",2740,2800,2505,2560,1183604
"2014-03-11",2570,2630,2440,2545,925618
"2014-03-12",2550,2710,2480,2580,1204702
"2014-03-13",2615,2680,2550,2610,661707
"2014-03-14",2640,2730,2600,2645,1496943
"2014-03-17",2630,2630,2480,2530,574131
"2014-03-18",2535,2585,2500,2505,470842
"2014-03-19",2510,2545,2450,2545,420471
"2014-03-20",2505,2590,2455,2515,358945
"2014-03-21",2525,2550,2445,2500,458993
"2014-03-24",2550,2550,2480,2490,301647
"2014-03-25",2500,2560,2365,2365,401391
"2014-03-26",2350,2390,2270,2295,588377
"2014-03-27",2300,2315,2230,2280,411465
"2014-03-28",2270,2325,2225,2280,358213
"2014-03-31",2280,2300,2200,2200,467254
"2014-04-01",2220,2240,2135,2225,246904
"2014-04-02",2240,2295,2225,2295,187330
"2014-04-03",2295,2335,2265,2270,220225
"2014-04-04",2250,2315,2200,2295,739936
"2014-04-07",2260,2295,2170,2170,295326
"2014-04-08",2230,2230,2085,2115,378971
"2014-04-09",2130,2170,2080,2110,174255
"2014-04-10",2115,2160,2100,2150,157725
"2014-04-11",2105,2150,2095,2125,199753
"2014-04-14",2110,2145,2110,2130,93781
"2014-04-15",2150,2265,2140,2210,514763
"2014-04-16",2215,2255,2170,2230,190764
"2014-04-17",2240,2240,2165,2205,142682
"2014-04-18",2205,2535,2170,2525,2488700
"2014-04-21",2645,2705,2525,2600,1906705
"2014-04-22",2575,2595,2455,2545,684143
"2014-04-23",2585,2595,2370,2380,754661
"2014-04-24",2385,2510,2305,2430,593177
"2014-04-25",2430,2515,2420,2445,403304
"2014-04-28",2460,2615,2350,2470,1101614
"2014-04-29",2445,2490,2325,2335,531399
"2014-04-30",2340,2385,2315,2375,245373
"2014-05-02",2335,2355,2225,2245,423420
"2014-05-07",2250,2305,2210,2240,411182
"2014-05-08",2250,2250,2120,2170,356164
"2014-05-09",2190,2215,2150,2210,192847
"2014-05-12",2190,2220,2170,2205,173865
"2014-05-13",2200,2275,2180,2275,194017
"2014-05-14",2295,2305,2235,2245,144997
"2014-05-15",2235,2410,2190,2295,432485
"2014-05-16",2390,2390,2290,2325,272562
"2014-05-19",2330,2360,2250,2345,232721
"2014-05-20",2320,2415,2290,2330,340588
"2014-05-21",2350,2375,2275,2275,155682
"2014-05-22",2310,2340,2255,2280,204025
"2014-05-23",2295,2370,2275,2360,214617
"2014-05-26",2410,2470,2360,2465,519313
"2014-05-27",2435,2490,2390,2480,289059
"2014-05-28",2480,2480,2390,2410,200199
"2014-05-29",2390,2450,2325,2345,192441
"2014-05-30",2345,2365,2275,2285,167764
"2014-06-02",2265,2300,2215,2230,124148
"2014-06-03",2270,2285,2175,2255,86904
"2014-06-05",2240,2310,2240,2310,92334
"2014-06-09",2340,2425,2325,2425,278385
"2014-06-10",2425,2450,2390,2425,212782
"2014-06-11",2430,2455,2390,2415,159359
"2014-06-12",2425,2425,2345,2395,188126
"2014-06-13",2405,2455,2375,2455,249757
"2014-06-16",2490,2520,2430,2430,371249
"2014-06-17",2430,2500,2400,2500,168602
"2014-06-18",2505,2530,2450,2490,182200
"2014-06-19",2490,2535,2435,2515,207751
"2014-06-20",2515,2515,2445,2445,125593
"2014-06-23",2365,2430,2345,2370,166631
"2014-06-24",2375,2485,2375,2475,267630
"2014-06-25",2470,2515,2455,2485,255319
"2014-06-26",2510,2515,2435,2470,220646
"2014-06-27",2475,2520,2455,2510,249964
"2014-06-30",2575,2650,2470,2550,1438921
"2014-07-01",2565,2650,2505,2635,1178060
"2014-07-02",2630,2675,2540,2565,800283
"2014-07-03",2520,2560,2420,2465,627864
"2014-07-04",2450,2460,2335,2335,657635
"2014-07-07",2340,2370,2285,2285,358791
"2014-07-08",2290,2315,2250,2315,209947
"2014-07-09",2320,2340,2295,2330,167534
"2014-07-10",2340,2355,2300,2310,172102
"2014-07-11",2295,2310,2220,2225,314511
"2014-07-14",2240,2290,2205,2255,254418
"2014-07-15",2290,2290,2245,2265,135300
"2014-07-16",2240,2280,2215,2275,228970
"2014-07-17",2285,2320,2270,2305,269775
"2014-07-18",2300,2305,2250,2275,151582
"2014-07-21",2330,2345,2285,2325,360520
"2014-07-22",2315,2320,2285,2305,128105
"2014-07-23",2305,2320,2255,2265,169792
"2014-07-24",2255,2345,2250,2345,476425
"2014-07-25",2330,2350,2290,2310,330132
"2014-07-28",2280,2310,2250,2250,221570
"2014-07-29",2260,2270,2170,2190,253990
"2014-07-30",2170,2335,2170,2200,570490
"2014-07-31",2200,2270,2170,2220,151758
"2014-08-01",2185,2245,2175,2220,104290
"2014-08-04",2230,2265,2190,2230,103127
"2014-08-05",2270,2270,2185,2185,103471
"2014-08-06",2165,2190,2115,2125,160895
"2014-08-07",2130,2130,1995,2000,276172
"2014-08-08",2000,2060,1990,2015,162013
"2014-08-11",2050,2055,1995,2055,114032
"2014-08-12",2040,2055,1995,2000,151656
"2014-08-13",2025,2030,1955,2000,97708
"2014-08-14",1995,2045,1980,2025,119876
"2014-08-18",2045,2085,2015,2070,113230
"2014-08-19",2090,2130,2040,2085,259512
"2014-08-20",2130,2175,2100,2115,269272
"2014-08-21",2115,2240,2105,2150,337004
"2014-08-22",2150,2190,2120,2145,100746
"2014-08-25",2145,2300,1845,2165,405446
"2014-08-26",2180,2180,2105,2160,78908
"2014-08-27",2145,2175,2120,2120,102935
"2014-08-28",2125,2150,2060,2090,98673
"2014-08-29",2075,2115,2070,2100,86257
"2014-09-01",2075,2140,2060,2090,72664
"2014-09-02",2100,2125,2060,2095,77308
"2014-09-03",2110,2210,2105,2180,265746
"2014-09-04",2165,2200,2140,2150,117476
"2014-09-05",2150,2175,2130,2155,62438
"2014-09-11",2170,2170,2135,2135,90520
"2014-09-12",2135,2160,2080,2100,95927
"2014-09-15",2100,2130,2075,2075,53045
"2014-09-16",2055,2100,2055,2070,81357
"2014-09-17",2100,2100,2055,2080,63614
"2014-09-18",2100,2120,2075,2085,61199
"2014-09-19",2120,2125,2075,2125,97430
"2014-09-22",2100,2175,2100,2140,178279
"2014-09-23",2175,2175,2105,2165,81836
"2014-09-24",2160,2185,2085,2155,112178
"2014-09-25",2150,2160,2080,2080,139762
"2014-09-26",2090,2095,2035,2045,57883
"2014-09-29",2030,2070,1990,2045,62505
"2014-09-30",2050,2050,1955,1985,97684
"2014-10-01",1990,2000,1940,1940,174845
"2014-10-02",1865,1980,1860,1895,153470
"2014-10-06",2070,2175,2025,2165,1076397
"2014-10-07",2110,2150,2010,2030,417532
"2014-10-08",2020,2040,1930,1945,171006
"2014-10-10",1940,1945,1870,1880,125708
"2014-10-13",1850,1925,1785,1845,126777
"2014-10-14",1815,1915,1815,1885,113829
"2014-10-15",1885,1955,1880,1940,89746
"2014-10-16",1910,1920,1845,1845,87224
"2014-10-17",1850,1890,1800,1825,109257
"2014-10-20",1825,1860,1815,1825,69019
"2014-10-21",1810,1865,1795,1825,75583
"2014-10-22",1845,1855,1805,1820,77172
"2014-10-23",1825,1905,1825,1905,94974
"2014-10-24",1910,1920,1845,1885,70065
"2014-10-27",1860,1895,1805,1840,96589
"2014-10-28",1860,1900,1850,1875,82529
"2014-10-29",1880,1900,1845,1865,42617
"2014-10-30",1870,2140,1850,2000,1461923
"2014-10-31",1960,2015,1910,1980,198640
"2014-11-03",2020,2110,1950,1965,275463
"2014-11-04",1925,1955,1825,1900,163894
"2014-11-05",1900,1900,1830,1875,106852
"2014-11-06",1885,1885,1800,1865,96144
"2014-11-07",1845,1900,1845,1880,49206
"2014-11-10",1880,1945,1850,1865,82132
"2014-11-11",1875,1950,1875,1895,91008
"2014-11-12",1870,1900,1850,1895,76987
"2014-11-13",1915,1925,1880,1900,61746
"2014-11-14",1920,1950,1875,1910,63510
"2014-11-17",1930,1930,1870,1925,73710
"2014-11-18",1890,1935,1885,1925,45498
"2014-11-19",1920,1945,1900,1905,33533
"2014-11-20",1900,1905,1865,1865,43557
"2014-11-21",1900,1925,1875,1890,32636
"2014-11-24",1870,1910,1850,1865,54649
"2014-11-25",1855,1885,1855,1875,43407
"2014-11-26",1890,1890,1860,1870,42466
"2014-11-27",1850,1885,1850,1875,18956
"2014-11-28",1880,1880,1840,1840,55195
"2014-12-01",1855,1870,1820,1820,56189
"2014-12-02",1705,1820,1705,1775,100171
"2014-12-03",1885,1885,1780,1800,50544
"2014-12-04",1785,1830,1785,1805,37162
"2014-12-05",1825,1825,1785,1800,61032
"2014-12-08",1820,1820,1780,1785,50271
"2014-12-09",1790,1830,1760,1800,77654
"2014-12-10",1790,1815,1765,1770,62823
"2014-12-11",1760,1795,1730,1750,51407
"2014-12-12",1760,1775,1740,1740,60421
"2014-12-15",1710,1770,1710,1750,33811
"2014-12-16",1735,1760,1715,1750,66547
"2014-12-17",1750,1750,1700,1705,77010
"2014-12-18",1705,1725,1610,1640,100201
"2014-12-19",1630,1660,1600,1630,79419
"2014-12-22",1620,1685,1600,1650,71047
"2014-12-23",1635,1695,1635,1650,24336
"2014-12-24",1650,1690,1650,1675,26391
"2014-12-26",1670,1735,1670,1725,43980
"2014-12-29",1700,1765,1690,1740,55911
"2014-12-30",1755,1765,1710,1715,48575
"2015-01-02",1780,1840,1750,1765,59693
"2015-01-05",1740,1775,1705,1740,57340
"2015-01-06",1720,1770,1720,1735,25493
"2015-01-07",1735,1760,1710,1760,20523
"2015-01-08",1780,1830,1760,1820,91596
"2015-01-09",1815,1835,1795,1820,34291
"2015-01-12",1830,1830,1750,1780,63957
"2015-01-13",1780,1890,1765,1840,183236
"2015-01-14",1810,1930,1810,1840,117257
"2015-01-15",1825,1850,1820,1820,14199
"2015-01-16",1805,1835,1745,1785,54999
"2015-01-19",1795,1845,1765,1825,63316
"2015-01-20",1850,2045,1845,2000,775972
"2015-01-21",2060,2060,1950,1990,601997
"2015-01-22",2025,2120,2020,2085,634856
"2015-01-23",2085,2110,1995,2035,431505
"2015-01-26",2010,2050,2010,2035,181098
"2015-01-27",2040,2090,1915,2055,364329
"2015-01-28",2055,2080,1980,2000,108047
"2015-01-29",2015,2090,2010,2045,220840
"2015-01-30",2035,2350,2035,2350,1482550
"2015-02-02",2455,2500,2300,2415,1706092
"2015-02-03",2415,2460,2350,2370,840771
"2015-02-04",2440,2465,2320,2325,936170
"2015-02-05",2315,2335,2225,2240,598449
"2015-02-06",2240,2310,2215,2260,322427
"2015-02-09",2225,2250,2090,2150,445911
"2015-02-10",2150,2235,2090,2175,277660
"2015-02-11",2155,2230,2135,2185,137429
"2015-02-12",2210,2230,2150,2155,155958
"2015-02-13",2185,2190,2110,2110,146178
"2015-02-16",2110,2325,2110,2300,518096
"2015-02-17",2315,2320,2215,2300,197881
"2015-02-23",2280,2340,2225,2285,151610
"2015-02-24",2330,2330,2215,2245,161838
"2015-02-25",2245,2280,2220,2250,234284
"2015-02-26",2450,2555,2255,2265,1113668
"2015-02-27",2295,2320,2210,2235,269064
"2015-03-02",2235,2280,2205,2230,173528
"2015-03-03",2260,2270,2140,2170,237083
"2015-03-04",2170,2195,2140,2140,143259
"2015-03-05",2150,2210,2000,2180,307689
"2015-03-06",2200,2205,2145,2180,95371
"2015-03-09",2140,2240,2140,2235,150456
"2015-03-10",2240,2265,2150,2200,100249
"2015-03-11",2165,2195,2115,2145,128223
"2015-03-12",2130,2275,2115,2160,260041
"2015-03-13",2160,2265,2145,2205,189536
"2015-03-16",2205,2240,2140,2150,148886
"2015-03-17",2135,2195,2130,2195,110173
"2015-03-18",2195,2305,2180,2265,384964
"2015-03-19",2300,2395,2280,2290,364935
"2015-03-20",2290,2340,2285,2290,145854
"2015-03-23",2290,2410,2255,2400,305508
"2015-03-24",2400,2505,2365,2460,493056
"2015-03-25",2455,2495,2415,2425,257660
"2015-03-26",2420,2420,2310,2355,307177
"2015-03-27",2700,2705,2480,2705,3087186
"2015-03-30",3110,3110,2930,3110,958279
"2015-03-31",3450,3575,3410,3575,853481
"2015-04-01",4110,4110,4110,4110,180843
"2015-04-02",4725,4725,4725,4725,281577
"2015-04-03",4500,5370,4170,5200,9760883
"2015-04-06",5200,5500,4875,5500,3186001
"2015-04-07",5700,6290,5180,6250,4265631
"2015-04-08",0,0,0,6250,0
"2015-04-09",7180,7180,6620,7180,691445
"2015-04-10",7000,7980,7000,7030,748155
"2015-04-13",6540,7490,6540,7490,726980
"2015-04-14",7640,7810,6370,6370,3737996
"2015-04-15",6390,6500,5560,5760,6331057
"2015-04-16",5870,6000,5500,5830,3719036
"2015-04-17",5710,6030,5610,5830,2935674
"2015-04-20",5710,5880,5520,5760,1880556
"2015-04-21",5830,6220,5680,6220,4068938
"2015-04-22",6110,6210,5290,5700,2361387
"2015-04-23",5750,5830,5030,5270,1800292
"2015-04-24",5270,5270,4690,4925,1763985
"2015-04-27",4990,5200,4970,5000,1084591
"2015-04-28",4930,5440,4775,5080,2167519
"2015-04-29",5080,5090,4710,4765,965886
"2015-04-30",4685,5380,4510,4850,2887055
"2015-05-04",4705,4805,4430,4670,664719
"2015-05-06",4660,5180,4575,4740,1449496
"2015-05-07",4600,5000,4530,5000,909906
"2015-05-08",5030,5230,4910,5060,742358
"2015-05-11",5110,5250,5010,5100,618248
"2015-05-12",5100,5500,5010,5300,1587798
"2015-05-13",5250,5650,5030,5500,1067435
"2015-05-14",5500,5660,5310,5310,690890
"2015-05-15",5280,5300,5100,5110,515269
"2015-05-18",5070,5070,4680,4760,771358
"2015-05-19",4755,4885,4710,4845,375646
"2015-05-20",4885,4950,4480,4550,693115
"2015-05-21",4550,4930,4430,4725,820006
"2015-05-22",4725,4940,4635,4895,468324
"2015-05-26",4930,5260,4930,5010,791236
"2015-05-27",4890,5000,4770,4805,499302
"2015-05-28",4940,5350,4800,5300,1441659
"2015-05-29",5240,5410,5050,5110,913807
"2015-06-01",5070,5090,4465,4700,734618
"2015-06-02",4630,4820,4490,4505,545596
"2015-06-03",4405,4415,4010,4140,768518
"2015-06-04",4110,4340,4050,4140,447868
"2015-06-05",4030,4230,3875,4130,531113
"2015-06-08",4230,4350,3970,3970,496093
"2015-06-09",4050,4565,4030,4565,1262837
"2015-06-10",4580,4680,4380,4575,709020
"2015-06-11",4570,4920,4375,4610,668090
"2015-06-12",4610,4640,4250,4250,398137
"2015-06-15",4155,4420,4070,4250,171476
"2015-06-16",4250,4700,4150,4440,373497
"2015-06-17",4500,4645,4380,4440,315061
"2015-06-18",4415,4875,4385,4715,927667
"2015-06-19",4745,4860,4595,4700,356326
"2015-06-22",4650,4820,4540,4750,334127
"2015-06-23",4750,4825,4655,4695,280621
"2015-06-24",4670,4960,4625,4725,660441
"2015-06-25",4725,4830,4575,4655,362950
"2015-06-26",4605,4680,4360,4360,484442
"2015-06-29",4290,4860,4200,4535,1063303
"2015-06-30",4500,4770,4315,4640,466195
"2015-07-01",4725,4830,4560,4700,390319
"2015-07-02",4700,4885,4650,4725,465582
"2015-07-03",4730,4815,4520,4590,340216
"2015-07-06",4500,4600,4200,4200,350614
"2015-07-07",4275,4320,3950,3985,424409
"2015-07-08",4065,4110,3895,3925,193044
"2015-07-09",3925,3925,3710,3840,255222
"2015-07-10",3880,3990,3840,3840,131518
"2015-07-13",3915,4150,3850,4135,199034
"2015-07-14",4200,4245,4075,4185,153020
"2015-07-15",4300,4305,4100,4185,104921
"2015-07-16",4160,4300,4075,4265,184584
"2015-07-17",4265,4270,4090,4180,182053
"2015-07-20",4230,4240,4100,4170,155316
"2015-07-21",4185,4230,4075,4120,119566
"2015-07-22",4075,4455,4060,4365,442625
"2015-07-23",4350,4375,4240,4265,203950
"2015-07-24",4265,4290,3980,4040,256584
"2015-07-27",4040,4040,3790,3795,184668
"2015-07-28",3670,3760,3505,3640,185355
"2015-07-29",3635,3785,3480,3540,139811
"2015-07-30",3540,3655,3400,3400,176304
"2015-07-31",3385,3605,3360,3515,149945
"2015-08-03",3550,3700,3480,3500,116181
"2015-08-04",3500,3685,3500,3680,77773
"2015-08-05",3695,3880,3610,3635,112245
"2015-08-06",3650,3840,3635,3825,162063
"2015-08-07",3830,3880,3780,3880,63552
"2015-08-10",4000,4005,3790,4000,187353
"2015-08-11",4200,4520,3750,3750,779552
"2015-08-12",3650,3725,3330,3490,213315
"2015-08-13",3530,3660,3490,3600,157755
"2015-08-17",3800,3800,3520,3600,123551
"2015-08-18",3610,3620,3485,3505,115026
"2015-08-19",3510,3530,3210,3395,141540
"2015-08-20",3300,3580,3300,3395,79072
"2015-08-21",3110,3285,2985,2985,236519
"2015-08-24",2870,3575,2870,3400,521343
"2015-08-25",3690,3755,3370,3425,286772
"2015-08-26",3465,3980,3425,3825,674761
"2015-08-27",3810,4220,3810,3975,548918
"2015-08-28",4000,4770,3900,4400,1557384
"2015-08-31",4590,4885,4570,4710,863087
"2015-09-01",4735,4830,4480,4800,862082
"2015-09-02",4660,4910,4580,4755,680669
"2015-09-03",4765,4950,4630,4740,446741
"2015-09-04",4700,4750,4295,4295,377315
"2015-09-07",4280,4625,4275,4445,318360
"2015-09-08",4550,4855,4535,4835,979383
"2015-09-09",4940,5140,4850,4930,658469
"2015-09-10",4930,4930,4675,4850,419457
"2015-09-11",4755,4840,4500,4575,391674
"2015-09-14",4575,4575,4245,4290,350296
"2015-09-15",4255,4400,4220,4305,137557
"2015-09-16",4380,4390,4130,4165,229528
"2015-09-17",4200,4225,4005,4160,133338
"2015-09-18",4160,4245,4050,4200,173744
"2015-09-21",4115,4245,4090,4125,142972
"2015-09-22",4135,4220,4090,4175,132866
"2015-09-23",4120,4350,4120,4295,222365
"2015-09-24",4430,4440,4250,4290,157360
"2015-09-25",4250,4310,4135,4135,87568
"2015-09-30",4070,4260,4045,4230,102448
"2015-10-01",4285,4395,4220,4290,133282
"2015-10-02",4360,4375,4195,4255,107751
"2015-10-05",4265,4420,4215,4420,190742
"2015-10-06",4515,4545,4400,4410,146544
"2015-10-07",4385,4630,4385,4600,367085
"2015-10-08",4630,4790,4610,4735,300807
"2015-10-12",4750,4890,4635,4755,252202
"2015-10-13",4770,4775,4490,4575,246933
"2015-10-14",4575,4640,4500,4560,150999
"2015-10-15",4560,4815,4520,4725,263205
"2015-10-16",4810,6140,4680,6140,4107833
"2015-10-19",5940,6140,5610,5890,2078821
"2015-10-20",5820,6030,5610,5850,1342286
"2015-10-21",5930,5930,5240,5270,1613424
"2015-10-22",5230,5470,5060,5270,982289
"2015-10-23",5340,5370,5140,5190,319601
"2015-10-26",5390,5480,5150,5170,528945
"2015-10-27",5220,5310,4980,5110,339558
"2015-10-28",5120,5360,5050,5090,358657
"2015-10-29",5090,5360,5020,5300,530341
"2015-10-30",5250,5320,4865,4970,583928
"2015-11-02",4985,5010,4625,4625,437273
"2015-11-03",4625,4745,4545,4690,262165
"2015-11-04",4690,4725,4565,4720,177226
"2015-11-05",4705,4975,4705,4845,477668
"2015-11-06",4810,4830,4595,4600,217739
"2015-11-09",4600,4630,4300,4400,275554
"2015-11-10",4390,4390,4110,4300,212101
"2015-11-11",4240,4410,4200,4340,141427
"2015-11-12",4395,4450,4210,4355,112525
"2015-11-13",4300,4300,4100,4220,168371
"2015-11-16",4225,4785,4155,4510,541815
"2015-11-17",4570,4700,4450,4640,216883
"2015-11-18",4625,4965,4530,4870,467811
"2015-11-19",4900,5040,4790,4860,350218
"2015-11-20",4945,5360,4820,5120,779002
"2015-11-23",5080,5100,4820,4820,173745
"2015-11-24",4800,5040,4760,4900,168184
"2015-11-25",4890,4940,4780,4940,130610
"2015-11-26",5050,5050,4835,4900,91506
"2015-11-27",4880,4940,4650,4740,246047
"2015-11-30",4740,4760,4575,4600,126435
"2015-12-01",4675,4730,4590,4630,129978
"2015-12-02",4610,4825,4575,4740,155423
"2015-12-03",4740,5200,4700,5180,682799
"2015-12-04",5150,5360,5070,5270,671048
"2015-12-07",5270,5390,5190,5250,324616
"2015-12-08",5250,5250,5020,5120,307334
"2015-12-09",5120,5390,5090,5240,371532
"2015-12-10",5240,5430,5100,5430,240921
"2015-12-11",5530,5610,5280,5380,380456
"2015-12-14",5160,5160,4900,4900,422026
"2015-12-15",4835,5190,4800,5190,242921
"2015-12-16",5220,5290,5090,5130,151792
"2015-12-17",5130,5270,5070,5260,150330
"2015-12-18",5160,5350,5160,5260,162504
"2015-12-21",5250,5350,5170,5170,135313
"2015-12-22",5170,5220,4970,5100,127070
"2015-12-23",5110,5360,5010,5250,248066
"2015-12-24",5370,5940,5290,5620,1115037
"2015-12-28",5620,5910,5420,5500,472869
"2015-12-29",5500,5810,5410,5810,331850
"2015-12-30",5870,5910,5630,5760,227127
"2016-01-04",5630,5750,5310,5310,387544
"2016-01-05",5110,5350,5080,5290,315644
"2016-01-06",5430,5750,5030,5220,581655
"2016-01-07",5200,5330,5110,5250,181509
"2016-01-08",5100,5400,4925,5300,301271
"2016-01-11",5300,5700,5270,5490,314935
"2016-01-12",5560,5690,5440,5580,401490
"2016-01-13",5700,5950,5620,5760,890144
"2016-01-14",5700,6020,5630,6020,654854
"2016-01-15",6020,6030,5580,5830,693989
"2016-01-18",5830,5980,5400,5400,755568
"2016-01-19",5370,5380,5100,5150,416751
"2016-01-20",5220,5350,4900,5040,448837
"2016-01-21",5060,5150,4710,4900,253813
"2016-01-22",4900,5060,4760,4950,250531
"2016-01-25",5000,5050,4930,4970,111390
"2016-01-26",4955,5020,4850,4890,132992
"2016-01-27",4865,4955,4750,4750,154593
"2016-01-28",4700,4895,4700,4845,119013
"2016-01-29",4930,4930,4755,4755,117523
"2016-02-01",4755,4865,4500,4500,302172
"2016-02-02",4490,4650,4470,4600,114685
"2016-02-03",4580,4585,4425,4485,138662
"2016-02-04",4570,4680,4475,4555,114200
"2016-02-05",4500,4600,4400,4470,122515
"2016-02-11",4110,4340,4100,4140,238031
"2016-02-12",4065,4130,3650,3715,327473
"2016-02-15",3700,4070,3700,4065,160558
"2016-02-16",4075,4265,4010,4110,102510
"2016-02-17",4195,4205,4025,4030,76817
"2016-02-18",4050,4450,4050,4330,170687
"2016-02-19",4330,4435,4250,4315,51378
"2016-02-22",4280,4370,4260,4280,48447
"2016-02-23",4285,4335,4175,4200,93414
"2016-02-24",4200,4290,4100,4290,111658
"2016-02-25",4250,4440,4220,4380,136907
"2016-02-26",4460,4460,4280,4290,115671
"2016-02-29",4370,4775,4300,4460,517657
"2016-03-02",4590,4710,4515,4600,207015
"2016-03-03",4650,4725,4520,4690,211218
"2016-03-04",4730,4730,4585,4630,105165
"2016-03-07",4590,4605,4400,4440,167455
"2016-03-08",4440,4530,4345,4510,89145
"2016-03-09",4400,4505,4350,4415,91101
"2016-03-10",4430,4470,4400,4400,64117
"2016-03-11",4400,4440,4285,4395,138604
"2016-03-14",4415,4420,4295,4315,80468
"2016-03-15",4300,4395,4285,4360,70960
"2016-03-16",4360,4420,4300,4365,56268
"2016-03-17",4370,4405,4325,4390,79940
"2016-03-18",4385,4590,4385,4555,162876
"2016-03-21",4575,4590,4475,4550,89455
"2016-03-22",4595,4615,4485,4570,132399
"2016-03-23",4740,4780,4515,4515,323328
"2016-03-24",4610,4720,4500,4550,243019
"2016-03-25",4990,4990,4640,4725,390592
"2016-03-28",4750,5000,4685,4755,251780
"2016-03-29",4680,4845,4680,4795,144584
"2016-03-30",4800,4820,4710,4725,111416
"2016-03-31",4730,4800,4600,4600,104748
"2016-04-01",4600,4645,4435,4580,143356
"2016-04-04",4580,4630,4480,4500,119121
"2016-04-05",4500,4500,4370,4425,155149
"2016-04-06",4395,4460,4360,4380,91625
"2016-04-07",4470,4470,4370,4385,55019
"2016-04-08",4365,4400,4260,4400,124903
"2016-04-11",4405,4485,4385,4390,64000
"2016-04-12",4450,4450,4340,4425,78562
"2016-04-14",4490,4490,4345,4345,104906
"2016-04-15",4340,4420,4290,4310,138887
"2016-04-18",4310,4320,4245,4265,164396
"2016-04-19",4335,4580,4320,4505,342759
"2016-04-20",4480,4595,4410,4550,231441
"2016-04-21",4590,4590,4480,4530,142859
"2016-04-22",4525,4690,4495,4620,198285
"2016-04-25",4650,5480,4650,4885,1883471
"2016-04-26",4885,5030,4740,4810,341636
"2016-04-27",4860,4885,4775,4800,147552
"2016-04-28",4775,4860,4770,4800,164963
"2016-04-29",4800,4950,4705,4900,182376
"2016-05-02",4900,4965,4825,4845,156020
"2016-05-03",5100,5480,4895,4915,1421360
"2016-05-04",4840,4865,4685,4700,323261
"2016-05-09",4700,4750,4545,4550,137481
"2016-05-10",4610,4610,4500,4575,97959
"2016-05-11",4565,4610,4515,4595,63966
"2016-05-12",4590,4610,4495,4530,98957
"2016-05-13",4535,4575,4440,4570,78324
"2016-05-16",4565,4600,4505,4600,95420
"2016-05-17",4565,4610,4500,4565,121670
"2016-05-18",4550,4580,4460,4550,142147
"2016-05-19",4550,4570,4340,4360,152370
"2016-05-20",4320,4435,4320,4430,70070
"2016-05-23",4425,4470,4395,4405,104683
"2016-05-24",4405,5040,4355,4535,1134269
"2016-05-25",4605,4700,4545,4635,237742
"2016-05-26",4660,5020,4615,4765,593566
"2016-05-27",4765,4765,4660,4690,149437
"2016-05-30",4740,4930,4730,4890,241294
"2016-05-31",4900,4960,4805,4925,157105
"2016-06-01",4925,4985,4850,4945,135550
"2016-06-02",4995,5420,4765,4800,1829498
"2016-06-03",4810,4885,4750,4820,211557
"2016-06-07",4950,5190,4910,5090,507645
"2016-06-08",5100,5720,5070,5440,1934933
"2016-06-09",5400,5470,5280,5420,489878
"2016-06-10",5550,5590,5230,5470,370433
"2016-06-13",5390,5580,5330,5430,483527
"2016-06-14",5430,5630,5000,5120,668809
"2016-06-15",5130,5170,5000,5070,254357
"2016-06-16",5130,5150,4790,4965,405942
"2016-06-17",5010,5510,4890,5350,1419873
"2016-06-20",6300,6950,6290,6950,1651591
"2016-06-21",8010,9030,7590,9030,12844536
"2016-06-22",8660,9100,8250,9080,8443319
"2016-06-23",8550,8600,7370,7700,3282590
"2016-06-24",7960,8140,6050,6480,5068071
"2016-06-27",6200,7080,6180,6590,3092356
"2016-06-28",6590,7080,6440,6730,2892015
"2016-06-29",6840,7330,6680,6740,2289061
"2016-06-30",6830,7000,6510,6630,998706
"2016-07-01",6650,6870,6510,6810,838563
"2016-07-04",6810,7130,6640,6790,1229440
"2016-07-05",6850,7090,6740,7090,741720
"2016-07-06",7020,7270,6800,7200,1130607
"2016-07-07",7190,7200,6930,6940,689745
"2016-07-08",6910,7110,6740,6860,838235
"2016-07-11",6970,7180,6820,7080,838705
"2016-07-12",7080,7160,6950,6980,504890
"2016-07-13",6950,7020,6450,6520,961470
"2016-07-14",6510,6630,6290,6520,496850
"2016-07-15",6560,6590,6130,6190,483315
"2016-07-18",6190,6290,5950,6260,407358
"2016-07-19",6260,6320,6060,6230,246548
"2016-07-20",6240,6420,6180,6270,231446
"2016-07-21",6330,6370,6230,6270,172031
"2016-07-22",6280,6650,6210,6280,528052
"2016-07-25",6280,6520,6240,6360,291226
"2016-07-26",6360,6530,6250,6470,238456
"2016-07-27",6530,6530,6220,6230,224766
"2016-07-28",6270,6350,6070,6110,183309
"2016-07-29",6140,6210,6070,6100,134360
"2016-08-01",6100,6240,6000,6190,174821
"2016-08-02",6200,6210,5980,6030,187937
"2016-08-03",6100,6100,5970,6020,142108
"2016-08-04",6110,6210,6020,6160,199934
"2016-08-05",6280,6290,6020,6140,122948
"2016-08-08",6160,6180,6030,6050,126664
"2016-08-09",6060,6410,6040,6390,375543
"2016-08-10",6380,6610,6320,6410,354720
"2016-08-11",6390,6470,6330,6460,169371
"2016-08-12",6510,6780,6450,6500,454109
"2016-08-16",6500,6600,6390,6390,149944
"2016-08-17",6340,6400,6100,6330,201433
"2016-08-18",6350,6630,6280,6460,322732
"2016-08-19",6520,6590,6380,6550,186925
"2016-08-22",6480,6600,6360,6560,130202
"2016-08-23",6560,6840,6450,6720,736500
"2016-08-24",6770,6790,6650,6750,305224
"2016-08-25",6710,6930,6660,6730,434134
"2016-08-26",6840,6840,6560,6600,256691
"2016-08-29",6610,6680,6410,6520,245788
"2016-08-30",6530,6700,6500,6580,165732
"2016-08-31",6650,6650,6290,6350,325054
"2016-09-01",6420,6440,6130,6230,202554
"2016-09-02",6260,6350,6050,6110,204998
"2016-09-05",6110,6110,5660,5810,462731
"2016-09-06",5780,5870,5700,5790,221262
"2016-09-07",5850,5860,5570,5650,232117
"2016-09-08",5510,5670,5290,5400,414405
"2016-09-09",5390,5530,5270,5460,178127
"2016-09-12",5430,5430,5230,5290,158441
"2016-09-13",5300,5440,5280,5440,108636
"2016-09-19",5450,5570,5400,5570,128706
"2016-09-20",5520,5780,5480,5750,262467
"2016-09-21",5800,6000,5680,5820,338292
"2016-09-22",5890,6080,5800,5970,218135
"2016-09-23",5960,5990,5790,5900,112871
"2016-09-26",5970,5970,5680,5720,115679
"2016-09-27",5700,5780,5550,5650,138725
"2016-09-28",5750,5750,5530,5570,116601
"2016-09-29",5540,5740,5490,5610,109179
"2016-09-30",5610,5640,5400,5470,114115
"2016-10-04",5530,5650,5450,5600,100852
"2016-10-05",5700,5880,5630,5840,279062
"2016-10-06",5880,5880,5680,5820,157503
"2016-10-07",5760,5860,5550,5570,145479
"2016-10-10",5570,5650,5460,5620,70463
"2016-10-11",5620,5700,5530,5610,71349
"2016-10-12",5550,5650,5510,5630,35645
"2016-10-13",5630,5720,5430,5560,129368
"2016-10-14",5560,5590,5420,5530,59570
"2016-10-17",5450,5800,5340,5610,273998
"2016-10-18",5610,5690,5420,5480,82480
"2016-10-19",5430,5540,5390,5450,83387
"2016-10-20",5410,5570,5340,5510,142650
"2016-10-21",5510,5520,5350,5440,98584
"2016-10-24",5370,5490,5290,5320,75631
"2016-10-25",5240,5380,5070,5110,155720
"2016-10-26",5040,5170,4935,4960,159944
"2016-10-27",4900,5140,4900,5040,56324
"2016-10-28",4980,5140,4910,4955,57741
"2016-10-31",4860,4930,4640,4740,130714
"2016-11-01",4680,4810,4670,4760,59245
"2016-11-02",4675,4735,4415,4470,151349
"2016-11-03",4280,4625,4280,4530,53552
"2016-11-04",4500,4610,4470,4540,28125
"2016-11-07",4540,4695,4540,4640,47472
"2016-11-08",4660,4750,4595,4610,46558
"2016-11-09",4570,4750,4115,4415,199760
"2016-11-10",4460,4600,4460,4590,90598
"2016-11-11",4640,4750,4550,4625,80910
"2016-11-14",4635,4830,4625,4780,109523
"2016-11-15",4840,4840,4670,4745,61487
"2016-11-16",4820,4820,4585,4650,131751
"2016-11-17",4570,4670,4535,4615,45573
"2016-11-18",4615,4615,4405,4475,113627
"2016-11-21",4400,4450,4280,4330,64601
"2016-11-22",4330,4460,4280,4385,41238
"2016-11-23",4385,4475,4245,4265,51462
"2016-11-24",4265,4320,4150,4210,66310
"2016-11-25",4210,4295,4185,4200,46630
"2016-11-28",4200,4355,4165,4165,102730
"2016-11-29",4240,4240,4120,4135,57317
"2016-11-30",4135,4195,4120,4165,44100
"2016-12-01",4205,4205,3970,4015,109259
"2016-12-02",4015,4055,3860,4000,76210
"2016-12-05",3910,4050,3855,3995,62960
"2016-12-06",3995,4025,3900,3980,42710
"2016-12-07",4010,4090,3860,3950,78238
"2016-12-08",3955,4025,3770,3930,36606
"2016-12-09",3900,4040,3885,4035,83794
"2016-12-12",4070,4200,4035,4140,75069
"2016-12-13",4090,4240,4060,4180,52786
"2016-12-14",4140,4255,4140,4215,37249
"2016-12-15",4260,4335,4150,4310,58417
"2016-12-16",4405,4420,4240,4330,142872
"2016-12-19",4330,4420,4180,4405,63709
"2016-12-20",4365,4500,4345,4420,145189
"2016-12-21",4400,4420,4335,4355,54941
"2016-12-22",4350,4440,4245,4350,37341
"2016-12-23",4310,4385,4285,4340,44721
"2016-12-26",4340,4400,4230,4260,75929
"2016-12-27",4285,4285,4190,4265,23090
"2016-12-28",4270,4350,4200,4340,36216
"2016-12-29",4340,4530,4305,4475,110320
"2017-01-02",4445,4565,4260,4440,159827
"2017-01-03",4410,4580,4380,4505,62029
"2017-01-04",4500,4555,4465,4520,56836
"2017-01-05",4520,4725,4520,4665,140969
"2017-01-06",4580,4745,4580,4650,92819
"2017-01-09",4620,4790,4610,4750,115956
"2017-01-10",4790,4790,4620,4675,71611
"2017-01-11",4720,4720,4535,4625,96907
"2017-01-12",4590,4650,4500,4540,70681
"2017-01-13",4580,4580,4465,4530,68499
"2017-01-16",4520,4575,4390,4490,83199
"2017-01-17",4415,4505,4395,4445,51610
"2017-01-18",4440,4545,4360,4545,79534
"2017-01-19",4610,4610,4470,4540,63662
"2017-01-20",4555,4555,4420,4475,33324
"2017-01-23",4480,4540,4345,4385,89083
"2017-01-24",4475,4475,4260,4260,79615
"2017-01-25",4250,4340,4180,4260,51920
"2017-01-26",4200,4395,4200,4385,98125
"2017-01-31",4365,4395,4170,4360,63815
"2017-02-01",4360,4440,4320,4430,45773
"2017-02-02",4430,4430,4235,4350,115600
"2017-02-03",4300,4345,4225,4290,63441
"2017-02-06",4320,4335,4200,4260,31253
"2017-02-07",4210,4290,4150,4215,56000
"2017-02-08",4175,4270,4160,4240,70275
"2017-02-09",4210,4350,4210,4350,65792
"2017-02-10",4390,4540,4390,4450,91189
"2017-02-13",4450,4485,4280,4420,58545
"2017-02-14",4445,4450,4315,4400,38907
"2017-02-15",4420,4520,4330,4390,67813
"2017-02-16",4340,4625,4315,4620,247351
"2017-02-17",4670,4670,4475,4620,208630
"2017-02-20",4670,4670,4520,4600,89912
"2017-02-21",4600,4640,4550,4550,56626
"2017-02-22",4550,4600,4475,4540,66524
"2017-02-23",4540,4600,4450,4505,48453
"2017-02-24",4505,4550,4415,4490,64268
"2017-02-27",4435,4500,4390,4500,91784
"2017-02-28",4455,4675,4395,4530,216418
"2017-03-02",4530,4620,4465,4620,137520
"2017-03-03",4565,4580,4420,4525,223590
"2017-03-06",4600,4625,4400,4510,233161
"2017-03-07",4500,4560,4460,4520,69531
"2017-03-08",4545,4545,4400,4420,72455
"2017-03-09",4400,4460,4210,4350,146781
"2017-03-10",4310,4395,4175,4395,100628
"2017-03-13",4350,5140,4350,4905,2007419
"2017-03-14",4940,5680,4890,4915,3151428
"2017-03-15",4920,5060,4660,4820,720834
"2017-03-16",4825,5240,4825,5100,648241
"2017-03-17",5100,5100,4790,4810,382966
"2017-03-20",4815,4950,4790,4825,123194
"2017-03-21",4840,4910,4740,4845,144961
"2017-03-22",4770,4825,4655,4720,185662
"2017-03-23",4730,4780,4635,4740,118988
"2017-03-24",4740,4925,4655,4750,239272
"2017-03-27",4745,4750,4560,4615,199225
"2017-03-28",4585,4745,4565,4700,157781
"2017-03-29",4700,4750,4620,4735,157100
"2017-03-30",4740,4745,4665,4730,105882
"2017-03-31",4730,4900,4680,4835,266915
"2017-04-03",4835,5080,4795,4975,351600
"2017-04-04",4975,5170,4700,4795,522349
"2017-04-05",4840,4870,4730,4845,175359
"2017-04-06",4800,4850,4650,4705,162982
"2017-04-07",4755,4755,4605,4720,121866
"2017-04-10",4685,4720,4505,4525,190000
"2017-04-11",4530,4650,4425,4590,100626
"2017-04-12",4590,4635,4500,4635,76494
"2017-04-13",4625,4655,4580,4645,65146
"2017-04-14",4690,4690,4395,4595,84269
"2017-04-17",4650,4655,4595,4645,83372
"2017-04-18",4680,4680,4540,4560,104646
"2017-04-19",4560,5120,4540,4740,1052127
"2017-04-20",4745,4745,4660,4700,140114
"2017-04-21",4705,4745,4665,4725,110095
"2017-04-24",4725,4850,4700,4845,317659
"2017-04-25",4845,4945,4800,4875,301420
"2017-04-26",4960,5040,4830,4830,228849
"2017-04-27",4900,5300,4800,5160,1381544
"2017-04-28",5190,5530,5040,5230,1582781
"2017-05-02",5320,5330,5150,5230,414306
"2017-05-04",5190,5330,5190,5190,310889
"2017-05-08",5140,5230,5030,5210,252805
"2017-05-10",5210,5620,5170,5440,1221258
"2017-05-11",5490,5930,5380,5390,1021622
"2017-05-12",5370,5950,5340,5670,1583649
"2017-05-15",5580,5580,5460,5570,351789
"2017-05-16",5650,5790,5550,5630,438872
"2017-05-17",5540,5810,5460,5580,382088
"2017-05-18",5420,5550,5200,5300,380720
"2017-05-19",5300,5550,5230,5550,236750
"2017-05-22",5570,5950,5470,5600,1013073
"2017-05-23",5610,5650,5410,5430,191756
"2017-05-24",5460,5580,5290,5380,203607
"2017-05-25",5430,5710,5310,5440,309487
"2017-05-26",5450,5560,5410,5560,130784
"2017-05-29",5540,5560,5420,5420,96941
"2017-05-30",5420,5480,5310,5370,135697
"2017-05-31",5390,5400,5180,5180,234620
"2017-06-01",5190,5280,5170,5220,76872
"2017-06-02",5270,5300,5180,5270,101255
"2017-06-05",5240,5460,5200,5460,166497
"2017-06-07",5410,5470,5350,5350,96912
"2017-06-08",5380,5410,5200,5220,144067
"2017-06-09",5240,5370,5200,5250,167714
"2017-06-12",5400,5470,5100,5410,485058
"2017-06-13",5470,5740,5470,5650,1232876
"2017-06-14",5670,5710,5550,5650,335497
"2017-06-15",5550,5650,5290,5290,547334
"2017-06-16",5150,5230,4960,5040,811095
"2017-06-19",5040,5070,4870,4870,392855
"2017-06-20",4860,4895,4710,4860,246010
"2017-06-21",4800,4840,4690,4785,176649
"2017-06-22",4680,4755,4620,4705,139751
"2017-06-23",4700,4730,4675,4685,65824
"2017-06-26",4655,4685,4470,4480,242445
"2017-06-27",4500,4550,4450,4515,84794
"2017-06-28",4505,4515,4380,4400,138866
"2017-06-29",4415,4465,4360,4410,100973
"2017-06-30",4340,4405,4300,4405,107685
"2017-07-03",4410,4595,4410,4585,191102
"2017-07-04",4545,4610,4450,4450,145096
"2017-07-05",4455,4560,4455,4520,51062
"2017-07-06",4525,4565,4490,4510,78708
"2017-07-07",4510,4560,4465,4465,60971
"2017-07-10",4465,4550,4335,4395,64407
"2017-07-11",4395,4440,4340,4425,45058
"2017-07-12",4425,4440,4210,4270,106637
"2017-07-13",4280,4290,4150,4150,61064
"2017-07-14",4185,4265,4110,4215,63502
"2017-07-17",4230,4335,4190,4300,55980
"2017-07-18",4370,4370,4245,4300,28599
"2017-07-19",4300,4325,4255,4295,44366
"2017-07-20",4320,4320,4215,4290,49945
"2017-07-21",4270,4295,4230,4260,35309
"2017-07-24",4275,4280,4190,4225,61636
"2017-07-25",4265,4265,4115,4190,71925
"2017-07-26",4200,4200,4080,4085,102534
"2017-07-27",4090,4130,4030,4035,84383
"2017-07-28",4035,4035,3960,3990,52609
"2017-07-31",3775,4040,3775,4035,53446
"2017-08-01",3975,4100,3975,4050,43468
"2017-08-02",4010,4180,4010,4125,39281
"2017-08-03",4190,4190,3990,3990,57289
"2017-08-04",4000,4125,4000,4075,21678
"2017-08-07",4030,4220,4010,4170,68758
"2017-08-08",4210,4210,4065,4120,32625
"2017-08-09",4060,4090,3960,3995,93305
"2017-08-10",4000,4040,3940,4020,57217
"2017-08-11",3995,3995,3860,3860,85467
"2017-08-14",3830,3970,3830,3845,41572
"2017-08-16",3845,3930,3845,3910,20536
"2017-08-17",3865,3970,3865,3935,41725
"2017-08-18",3945,3980,3885,3930,19581
"2017-08-21",3915,3950,3855,3900,45906
"2017-08-22",3900,4060,3900,4050,46683
"2017-08-23",4030,4115,3950,4010,45792
"2017-08-24",4015,4050,3970,4010,36129
"2017-08-25",4050,4165,4010,4100,90436
"2017-08-28",4070,4145,4055,4140,59919
"2017-08-29",4100,4135,4040,4130,33339
"2017-08-30",4100,4160,4070,4135,32289
"2017-08-31",4135,4140,4020,4095,53115
"2017-09-01",4130,4290,4055,4260,178515
"2017-09-04",4005,4250,4005,4200,135915
"2017-09-05",4205,4320,4075,4165,187571
"2017-09-06",4165,4245,4055,4065,73161
"2017-09-07",4070,4100,4005,4010,76378
"2017-09-08",4060,4160,3980,3980,90774
"2017-09-11",3985,4040,3920,3960,54096
"2017-09-12",3960,4005,3830,3840,144694
"2017-09-13",3875,3875,3760,3810,62654
"2017-09-14",3790,3890,3780,3890,36685
"2017-09-15",3865,4250,3830,4120,272521
"2017-09-18",4070,4115,3985,4005,93192
"2017-09-19",3910,4005,3910,4000,59757
"2017-09-20",3945,4010,3900,3930,41312
"2017-09-21",3975,4100,3935,4000,42903
"2017-09-22",4005,4005,3855,3905,41375
"2017-09-25",3900,3955,3750,3750,64274
"2017-09-26",3455,3785,3455,3760,82514
"2017-09-27",3760,3785,3700,3765,23456
"2017-09-28",3765,3775,3690,3745,23573
"2017-09-29",3695,3770,3695,3750,22767
"2017-10-10",3750,3790,3670,3750,17287
"2017-10-11",3740,3760,3570,3750,12566
"2017-10-12",3750,3780,3650,3745,20958
"2017-10-13",3745,3775,3660,3700,6091
"2017-10-16",3700,3700,3575,3660,25441
"2017-10-17",3650,3730,3590,3700,46338
"2017-10-18",3785,3785,3600,3660,29168
"2017-10-19",3650,4140,3570,3740,587286
"2017-10-20",3680,4415,3660,3850,1368811
"2017-10-23",3990,3990,3810,3830,187488
"2017-10-24",3860,4230,3860,3960,719913
"2017-10-25",3960,3995,3930,3985,80239
"2017-10-26",4015,4020,3910,3910,69102
"2017-10-27",3865,3950,3860,3915,37459
"2017-10-30",3875,3960,3840,3960,73721
"2017-10-31",3960,3990,3900,3935,22770
"2017-11-01",3920,3935,3810,3870,57763
"2017-11-02",3870,3910,3825,3855,29070
"2017-11-03",3855,3920,3855,3855,26714
"2017-11-06",3855,3900,3830,3840,24598
"2017-11-07",3840,3945,3840,3930,32560
"2017-11-08",3930,3975,3910,3960,30190
"2017-11-09",3980,4375,3915,4105,919642
"2017-11-10",4090,4120,4005,4065,133831
"2017-11-13",4130,4260,4075,4260,221805
"2017-11-14",4305,4370,4175,4210,369753
"2017-11-15",4215,4215,4035,4100,175623
"2017-11-16",4075,4145,3995,4015,149395
"2017-11-17",4030,4040,3980,4010,58896
"2017-11-20",4015,4060,3830,3930,225013
"2017-11-21",3930,3945,3755,3840,140023
"2017-11-22",3840,3905,3770,3800,97807
"2017-11-23",3775,3885,3755,3885,96248
"2017-11-24",3870,4060,3835,4050,185168
"2017-11-27",4120,4120,3940,4020,85800
"2017-11-28",4045,4045,3915,3945,72182
"2017-11-29",3945,3985,3905,3915,41776
"2017-11-30",3915,3940,3850,3910,58504
"2017-12-01",3910,3975,3795,3920,38025
"2017-12-04",3885,3920,3835,3905,27617
"2017-12-05",3905,3980,3800,3980,72759
"2017-12-06",4000,4070,3950,4040,85515
"2017-12-07",4030,4055,3920,4015,60250
"2017-12-08",4030,4210,3920,4210,292778
"2017-12-11",4255,4315,4110,4215,231519
"2017-12-12",4180,4280,4085,4280,175868
"2017-12-13",4285,4320,4200,4240,157176
"2017-12-14",4260,4285,4040,4190,167118
"2017-12-15",4180,4180,3950,3965,369780
"2017-12-18",3905,3940,3780,3800,278595
"2017-12-19",3800,3830,3670,3785,171269
"2017-12-20",3730,3810,3680,3730,72002
"2017-12-21",3695,3695,3570,3620,134452
"2017-12-22",3570,3690,3560,3665,31625
"2017-12-26",3665,3740,3635,3695,32545
"2017-12-27",3630,3720,3620,3695,27277
"2017-12-28",3620,3765,3620,3755,38472
"2018-01-02",3830,3865,3770,3770,120919
"2018-01-03",3760,3815,3755,3775,47578
"2018-01-04",3775,3820,3765,3805,67447
"2018-01-05",3800,3845,3780,3805,73427
"2018-01-08",3810,3860,3795,3860,98433
"2018-01-09",3840,3930,3805,3875,67697
"2018-01-10",3815,3895,3790,3870,57768
"2018-01-11",3835,3880,3740,3775,74731
"2018-01-12",3780,3780,3660,3765,84696
"2018-01-15",3770,3800,3695,3715,28181
"2018-01-16",3715,3745,3595,3675,67283
"2018-01-17",3675,3730,3650,3705,23121
"2018-01-18",3705,3740,3680,3700,28623
"2018-01-19",3700,3770,3660,3765,40439
"2018-01-22",3780,3780,3710,3720,62175
"2018-01-23",3720,3900,3720,3835,91515
"2018-01-24",3840,3865,3785,3850,52467
"2018-01-25",3850,3880,3800,3845,31294
"2018-01-26",3835,3880,3820,3875,93429
"2018-01-29",3900,3925,3865,3910,80212
"2018-01-30",3920,3920,3820,3845,57770
"2018-01-31",3810,3845,3790,3810,39760
"2018-02-01",3840,4055,3790,4030,303233
"2018-02-02",4045,4050,3900,3990,166329
"2018-02-05",3915,3915,3560,3720,190047
"2018-02-06",3650,3675,3525,3675,140385
"2018-02-07",3690,3775,3630,3710,79775
"2018-02-08",3715,3750,3665,3745,28412
"2018-02-09",3645,3695,3585,3680,38864
"2018-02-12",3720,3770,3650,3760,48646
"2018-02-13",3620,3925,3620,3900,166611
"2018-02-14",3905,3995,3900,3995,142719
"2018-02-19",4010,4020,3900,4000,86535
"2018-02-20",4000,4020,3960,4005,79114
"2018-02-21",4005,4040,3950,4000,45087
"2018-02-22",4010,4035,3950,4005,36507
"2018-02-23",4020,4105,3950,4060,120133
"2018-02-26",4080,4100,4000,4060,80517
"2018-02-27",4040,4075,3965,4075,46348
"2018-02-28",4065,4065,3925,3995,47111
"2018-03-02",4025,4030,3920,3985,36309
"2018-03-05",3985,4100,3985,4020,81225
"2018-03-06",4035,4035,3900,3955,60134
"2018-03-07",4230,4640,4135,4290,2149947
"2018-03-08",4400,4470,4150,4365,826852
"2018-03-09",4500,5070,4415,4730,4380830
"2018-03-12",4960,5190,4780,5020,1809868
"2018-03-13",4960,4990,4790,4820,414816
"2018-03-14",4820,4905,4735,4760,242115
"2018-03-15",4750,4885,4630,4880,335671
"2018-03-16",4855,4970,4815,4865,229996
"2018-03-19",5020,5780,4885,5380,3467280
"2018-03-20",5380,5600,5270,5540,716270
"2018-03-21",5520,5540,5220,5310,610608
"2018-03-22",5390,5850,5240,5350,1395361
"2018-03-23",5180,6270,5180,5500,5106488
"2018-03-26",5720,6400,5590,5980,4442199
"2018-03-27",5960,6010,5740,5790,701275
"2018-03-28",5890,6160,5710,6020,1034101
"2018-03-29",6150,6340,5820,5890,552608
"2018-03-30",5940,6120,5540,5740,749653
"2018-04-02",5740,5750,5340,5450,449973
"2018-04-03",5370,5650,5330,5420,511733
"2018-04-04",5840,6170,5430,5430,2766949
"2018-04-05",5540,5600,5150,5150,562815
"2018-04-06",5080,5330,5080,5180,299211
"2018-04-09",5490,5710,5240,5250,542751
"2018-04-10",5240,5370,5050,5320,296861
"2018-04-11",5390,5490,5230,5390,254776
"2018-04-12",5380,5470,5270,5450,200425
"2018-04-13",5540,5710,5480,5640,409601
"2018-04-16",5810,5850,5560,5770,315541
"2018-04-17",5840,5870,5550,5600,320712
"2018-04-18",5780,6140,5620,6060,1018731
"2018-04-19",6570,7870,6510,7230,5563761
"2018-04-20",7580,7660,6800,7340,2440024
"2018-04-23",7850,9070,7140,7610,3785120
"2018-04-24",7750,7750,7140,7530,1040477
"2018-04-25",7480,8670,7310,7800,3186943
"2018-04-26",7690,8140,7350,7500,837497
"2018-04-27",7700,8060,7110,7500,2335656
"2018-04-30",8780,9640,8550,9490,3273339
"2018-05-02",9470,10050,8800,8880,2235043
"2018-05-03",8740,8790,8050,8370,838385
"2018-05-04",8250,8630,8170,8270,704779
"2018-05-08",7980,7980,7230,7360,706229
"2018-05-09",7520,7670,6780,7480,644182
"2018-05-10",8000,8250,7630,7630,863565
"2018-05-11",7630,7720,7150,7630,410397
"2018-05-14",7850,8350,7700,8350,1246412
"2018-05-15",8920,9920,8570,8850,3521301
"2018-05-16",7770,8280,7260,7480,1762733
"2018-05-17",7440,7920,7390,7520,1284036
"2018-05-18",7680,7690,7210,7510,400316
"2018-05-21",7350,7520,7150,7350,419416
"2018-05-23",7110,7410,6870,7150,467369
"2018-05-24",7320,7360,6720,6910,417812
"2018-05-25",5740,5810,5200,5400,1398815
"2018-05-28",6700,7020,6610,7020,999152
"2018-05-29",7300,8030,6800,7290,2495587
"2018-05-30",7700,7950,7340,7400,1171709
"2018-05-31",7950,8900,7940,8230,3145091
"2018-06-01",8400,8540,7210,7560,1232320
"2018-06-04",8140,8140,7130,7190,651693
"2018-06-05",6990,7390,6800,7240,539813
"2018-06-07",7240,7280,6910,6920,409298
"2018-06-08",7160,7160,6570,6570,434455
"2018-06-11",6480,7150,6480,7070,581432
"2018-06-12",7080,7150,6540,6700,486722
"2018-06-14",6310,6390,5750,5750,449704
"2018-06-15",5690,6130,5690,5960,257064
"2018-06-18",5860,6240,5860,6130,225792
"2018-06-19",6250,6600,5760,5840,503035
"2018-06-20",5720,6100,5700,6080,211037
"2018-06-21",6070,6170,5750,5780,154202
"2018-06-22",5970,5970,5410,5590,181724
"2018-06-25",5500,6590,5390,5920,747061
"2018-06-26",5880,5980,5610,5620,276314
"2018-06-27",5700,5850,5250,5300,265638
"2018-06-28",5250,5410,4930,4930,231524
"2018-06-29",5110,5580,4900,5180,734552
"2018-07-02",5110,5180,4680,4695,256808
"2018-07-03",4745,4815,4275,4490,856245
"2018-07-04",4400,4530,4350,4415,430436
"2018-07-05",4415,4440,4035,4120,389856
"2018-07-06",4090,4350,4090,4290,355406
"2018-07-09",4100,4110,3855,4000,337041
"2018-07-10",4020,4160,4020,4090,155919
"2018-07-11",4070,4325,4035,4190,261885
"2018-07-12",4195,4380,4110,4185,251326
"2018-07-13",4195,4390,4190,4340,249948
"2018-07-16",4365,4415,4220,4305,176301
"2018-07-17",4285,4370,4285,4335,84612
"2018-07-18",4320,4340,4060,4140,213713
"2018-07-19",4095,4175,4000,4095,117152
"2018-07-20",4100,4160,4015,4075,68653
"2018-07-23",4020,4075,3865,3900,107338
"2018-07-24",3950,4360,3950,4205,436237
"2018-07-25",4210,4270,4050,4120,216521
"2018-07-26",4175,4590,4105,4400,1087057
"2018-07-27",4320,4585,4290,4535,350393
"2018-07-30",4500,4750,4455,4540,299501
"2018-07-31",4540,4600,4200,4300,286444
"2018-08-01",4280,4465,4280,4405,121844
"2018-08-02",4360,4530,4325,4445,130304
"2018-08-03",4500,4530,4425,4425,110304
"2018-08-06",4410,4460,4260,4360,114339
"2018-08-07",4390,4395,4250,4330,94378
"2018-08-08",4390,4550,4315,4425,223238
"2018-08-09",4425,4475,4365,4405,101820
"2018-08-10",4595,4725,4450,4520,474267
"2018-08-13",4630,5470,4565,4580,6403175
"2018-08-14",4565,5070,4565,4935,1174855
"2018-08-16",5180,5250,4870,4970,972063
"2018-08-17",4920,5240,4920,5240,634377
"2018-08-20",5290,5430,5190,5310,468671
"2018-08-21",5450,5630,5360,5460,692958
"2018-08-22",5460,5590,5300,5500,420979
"2018-08-23",5520,5780,5420,5480,518147
"2018-08-24",5580,5600,5420,5600,204509
"2018-08-27",4995,5260,4970,5050,597745
"2018-08-28",5060,5220,4920,4965,342071
"2018-08-29",4965,4975,4845,4865,220789
"2018-08-30",4890,5140,4870,5050,250860
"2018-08-31",4930,5100,4875,5080,141537
"2018-09-03",5250,5290,5090,5200,237634
"2018-09-04",5170,5270,5080,5180,303656
"2018-09-05",5300,5300,5020,5110,203070
"2018-09-06",5170,5340,4960,5010,446534
"2018-09-07",5100,5320,5000,5320,403832
"2018-09-10",5530,5620,5360,5610,439667
"2018-09-11",6190,6200,5770,5840,992086
"2018-09-12",5840,5860,5580,5770,299717
"2018-09-13",5830,5900,5670,5870,258241
"2018-09-14",5800,5870,5610,5830,228777
"2018-09-17",5940,5940,5650,5810,246258
"2018-09-18",5690,5750,5410,5410,465894
"2018-09-19",5420,5550,5160,5200,370844
"2018-09-20",5400,5440,5100,5160,227433
"2018-09-21",5150,5550,5150,5520,254476
"2018-09-27",5700,5750,5290,5320,184117
"2018-09-28",5310,5310,5070,5150,173097
"2018-10-01",5110,5310,5100,5150,88345
"2018-10-02",5090,5280,5070,5100,98254
"2018-10-04",5350,5350,5120,5190,98984
"2018-10-05",5070,5220,5010,5050,106278
"2018-10-08",5050,5200,5040,5100,89417
"2018-10-10",5000,5020,4400,4400,225100
"2018-10-11",3910,4305,3910,4100,275563
"2018-10-12",4010,4255,4010,4225,122767
"2018-10-15",4205,4435,4190,4300,130707
"2018-10-16",4300,4450,4260,4290,103544
"2018-10-17",4300,4470,4300,4380,89006
"2018-10-18",4530,4705,4415,4455,154694
"2018-10-19",4360,4600,4360,4540,66328
"2018-10-22",4370,4460,4275,4325,80992
"2018-10-23",4270,4430,4165,4165,73431
"2018-10-24",4170,4260,3850,3915,144869
"2018-10-25",3800,3940,3790,3920,121590
"2018-10-26",3920,3970,3680,3710,146925
"2018-10-29",3600,3780,3040,3070,253358
"2018-10-30",2770,3290,2770,3265,444839
"2018-10-31",3270,3365,3205,3360,121660
"2018-11-01",3390,3545,3385,3500,105229
"2018-11-02",3500,3750,3500,3670,129356
"2018-11-05",3600,3745,3550,3715,65931
"2018-11-06",3675,3780,3620,3665,61306
"2018-11-07",3665,3815,3405,3485,189502
"2018-11-08",3535,3730,3535,3675,146617
"2018-11-09",3750,3750,3470,3560,80317
"2018-11-12",3560,3560,3420,3500,81069
"2018-11-13",3395,3460,3200,3425,121794
"2018-11-14",3690,3690,3430,3500,76276
"2018-11-15",3500,3610,3455,3560,96283
"2018-11-16",3600,3735,3535,3620,150093
"2018-11-19",3685,3845,3660,3750,117316
"2018-11-20",3655,3820,3655,3770,86032
"2018-11-21",3770,3860,3670,3830,132945
"2018-11-22",3950,3950,3710,3790,121475
"2018-11-23",3865,3980,3690,3790,192191
"2018-11-26",3950,4160,3815,3830,260497
"2018-11-27",3830,3950,3730,3920,174374
"2018-11-28",3980,3980,3805,3805,98189
"2018-11-29",3870,4120,3870,3940,290816
"2018-11-30",3940,3980,3805,3915,96227
"2018-12-03",4000,4100,3930,4010,179465
"2018-12-04",4060,4395,4020,4325,585159
"2018-12-05",4215,4790,4205,4515,966828
"2018-12-06",4465,4690,4340,4405,516272
"2018-12-07",4410,4800,4410,4660,512257
"2018-12-10",4550,4570,4330,4340,226937
"2018-12-11",4340,4380,4060,4200,203746
"2018-12-12",4225,4340,4090,4150,116161
"2018-12-13",4100,4295,4100,4270,144311
"2018-12-14",4295,4400,4095,4195,133568
"2018-12-17",4100,4170,3945,3945,109931
"2018-12-18",3925,4050,3875,3945,80391
"2018-12-19",3910,4025,3910,3975,88759
"2018-12-20",4050,4105,3975,4045,57887
"2018-12-21",4045,4155,4025,4095,78903
"2018-12-24",4050,4150,3995,4090,75399
"2018-12-26",3925,4050,3925,3950,105121
"2018-12-27",4040,4070,3860,3950,73068
"2018-12-28",3950,4050,3900,4030,52816
"2019-01-02",4100,4125,3845,3860,72593
"2019-01-03",3860,4045,3760,3960,108583
"2019-01-04",3960,3965,3820,3890,34774
"2019-01-07",3930,4320,3925,4090,322429
"2019-01-08",4185,5310,4150,5310,4152465
"2019-01-09",5720,6300,5540,5800,8544155
"2019-01-10",5810,5900,5620,5810,2204491
"2019-01-11",5680,6030,5630,5890,2853389
"2019-01-14",5960,6070,5740,5940,1247193
"2019-01-15",6070,6670,5810,5940,4904015
"2019-01-16",6010,6330,5820,6100,2734775
"2019-01-17",6110,6250,5880,6000,1030556
"2019-01-18",5970,6190,5820,6090,879163
"2019-01-21",6100,6120,5920,5940,503088
"2019-01-22",5950,6250,5900,6030,1390554
"2019-01-23",6000,6600,5950,6350,3553338
"2019-01-24",6360,6580,6150,6160,1267693
"2019-01-25",6290,6290,6080,6130,497608
"2019-01-28",6070,6220,5940,6020,604827
"2019-01-29",6010,6050,5590,5610,944059
"2019-01-30",5710,6200,5670,5800,2761355
"2019-01-31",5870,5880,5510,5590,728530
"2019-02-01",5660,5900,5550,5840,1059259
"2019-02-07",5950,6010,5660,5840,673904
"2019-02-08",5800,6150,5680,6110,1578309
"2019-02-11",6200,6290,5970,6010,659813
"2019-02-12",5970,6220,5830,5990,799836
"2019-02-13",6060,6110,5920,5990,302131
"2019-02-14",6050,6050,5660,5760,439700
"2019-02-15",5540,5840,5540,5760,268409
"2019-02-18",5900,5940,5730,5800,201046
"2019-02-19",5800,5890,5650,5690,331917
"2019-02-20",5800,5860,5430,5440,388334
"2019-02-21",5450,5520,5150,5410,307388
"2019-02-22",5360,5660,5350,5460,319036
"2019-02-25",5470,5560,5200,5350,249827
"2019-02-26",5350,5620,5350,5520,247553
"2019-02-27",5580,5590,5400,5490,179450
"2019-02-28",5560,5560,4150,4305,694577
"2019-03-04",4000,4340,4000,4265,523451
"2019-03-05",4210,4385,4190,4350,172348
"2019-03-06",4380,4430,4150,4165,244448
"2019-03-07",4160,4160,3895,3965,264883
"2019-03-08",3855,4050,3855,4010,182914
"2019-03-11",4010,4040,3950,4005,87651
"2019-03-12",3990,4180,3990,4140,116922
"2019-03-13",4150,4160,4055,4055,85915
"2019-03-14",4060,4185,4055,4150,93822
"2019-03-15",4150,4180,3750,3805,464738
"2019-03-18",3850,4190,3845,4000,297039
"2019-03-19",4025,4165,4000,4100,111017
"2019-03-20",4070,4120,4020,4080,70864
"2019-03-21",4050,4075,3965,3980,82242
"2019-03-22",4000,4070,3955,4000,91587
"2019-03-25",3910,4125,3910,4080,135169
"2019-03-26",4100,4185,4035,4080,91708
"2019-03-27",4070,4145,4015,4015,74953
"2019-03-28",4000,4065,3965,3965,51064
"2019-03-29",3965,4350,3940,4130,403681
"2019-04-01",4150,4250,4135,4230,96218
"2019-04-02",4235,4290,4190,4240,69746
"2019-04-03",4255,4375,4255,4345,116204
"2019-04-04",4345,4370,4235,4250,77091
"2019-04-05",4250,4345,4250,4310,70721
"2019-04-08",4315,4345,4150,4180,132731
"2019-04-09",4175,4225,4150,4210,65538
"2019-04-10",4230,4230,4165,4190,68690
"2019-04-11",4205,4335,4150,4285,141101
"2019-04-12",4250,4250,4130,4165,114972
"2019-04-15",4235,4235,4150,4165,103226
"2019-04-16",4160,4195,4030,4155,170737
"2019-04-17",4140,4140,4050,4070,69921
"2019-04-18",4070,4085,3950,3980,121462
"2019-04-19",3970,4030,3955,3970,52249
"2019-04-22",4030,4055,3945,4030,67137
"2019-04-23",4030,4040,3930,3970,96871
"2019-04-24",3975,3980,3900,3930,77265
"2019-04-25",3975,3975,3835,3940,97460
"2019-04-26",3855,4055,3855,3985,162228
"2019-04-29",3980,3980,3830,3870,88879
"2019-04-30",3865,3900,3825,3870,60726
"2019-05-02",3870,3905,3830,3865,82757
"2019-05-03",3765,3900,3765,3830,62462
"2019-05-07",3760,3790,3700,3720,100878
"2019-05-08",3730,3805,3680,3710,103692
"2019-05-09",3710,3805,3550,3620,119447
"2019-05-10",3505,3665,3505,3560,129475
"2019-05-13",3550,3635,3450,3500,96622
"2019-05-14",3490,3520,3410,3510,118340
"2019-05-15",3490,3880,3460,3750,578762
"2019-05-16",3760,3865,3725,3775,171912
"2019-05-17",3760,3865,3760,3815,161746
"2019-05-20",3820,3860,3760,3760,100357
"2019-05-21",3800,3800,3620,3765,113454
"2019-05-22",3765,3805,3745,3750,86147
"2019-05-23",3715,3770,3660,3715,68632
"2019-05-24",3660,3715,3640,3685,80632
"2019-05-27",3690,3780,3670,3730,79672
"2019-05-28",3730,4005,3730,3920,276410
"2019-05-29",3910,3950,3750,3770,137396
"2019-05-30",3760,3765,3690,3690,80806
"2019-05-31",3680,3790,3670,3710,94356
"2019-06-03",3700,3745,3680,3730,73499
"2019-06-04",3710,3865,3705,3820,106650
"2019-06-05",3880,3955,3850,3910,104780
"2019-06-07",3910,3980,3885,3965,57346
"2019-06-10",4005,4045,3750,3930,111767
"2019-06-11",3930,4080,3910,4075,151465
"2019-06-12",4185,4235,4055,4060,175017
"2019-06-13",4060,4160,4045,4160,114855
"2019-06-14",4155,4210,4125,4175,91014
"2019-06-17",4220,4245,4075,4165,131249
"2019-06-18",4175,4530,4130,4210,739204
"2019-06-19",4210,4460,4210,4320,384662
"2019-06-20",4325,4390,4270,4360,102997
"2019-06-21",4400,4400,4295,4300,94993
"2019-06-24",4440,4545,4350,4500,294579
"2019-06-25",4520,4590,4315,4360,203982
"2019-06-26",4305,4340,4210,4250,95142
"2019-06-27",4250,4355,4145,4250,125383
"2019-06-28",4220,4295,4140,4165,81069
"2019-07-01",4420,4495,4280,4375,222123
"2019-07-02",4395,4395,4285,4315,84079
"2019-07-03",4300,4385,4160,4175,82065
"2019-07-04",4160,4230,4100,4195,47684
"2019-07-05",4195,4240,4155,4200,44687
"2019-07-08",4195,4195,3925,3925,86209
"2019-07-09",3865,4025,3860,3885,107414
"2019-07-10",3800,3980,3800,3950,40647
"2019-07-11",4005,4095,3950,4070,66863
"2019-07-12",4050,4145,3985,4070,47399
"2019-07-15",4125,4125,4000,4020,40360
"2019-07-16",4020,4020,3935,3970,46737
"2019-07-17",3925,3975,3810,3825,90694
"2019-07-18",3825,3870,3765,3825,57186
"2019-07-19",3805,3905,3805,3895,24889
"2019-07-22",3865,3925,3805,3845,39218
"2019-07-23",3845,3880,3805,3855,39559
"2019-07-24",3880,3880,3715,3725,63484
"2019-07-25",3720,3740,3590,3640,92315
"2019-07-26",3595,3680,3475,3480,129101
"2019-07-29",3395,3475,3255,3295,168561
"2019-07-30",3270,3465,3270,3420,77094
"2019-07-31",3340,3465,3300,3420,90631
"2019-08-01",3320,3490,3320,3375,54138
"2019-08-02",3360,3395,3245,3360,77156
"2019-08-05",3325,3485,2995,3010,211495
"2019-08-06",2725,3130,2725,2950,251211
"2019-08-07",2955,3140,2955,3135,91751
"2019-08-08",3135,3350,3135,3280,69971
"2019-08-09",3280,3405,3280,3375,68501
"2019-08-12",3470,3500,3390,3480,59673
"2019-08-13",3480,3580,3445,3490,48585
"2019-08-14",3555,3615,3200,3550,170809
"2019-08-16",3560,3585,3440,3485,97591
"2019-08-19",3480,3600,3480,3585,68653
"2019-08-20",3550,3640,3550,3620,49177
"2019-08-21",3585,3745,3555,3730,103937
"2019-08-22",3775,3805,3670,3725,103000
"2019-08-23",3650,3755,3575,3605,120148
"2019-08-26",3500,3525,3370,3385,96602
"2019-08-27",3525,3835,3470,3525,268843
"2019-08-28",3525,3650,3490,3650,69366
"2019-08-29",3740,3740,3585,3620,75531
"2019-08-30",3620,3735,3620,3685,85276
"2019-09-02",3620,3660,3550,3585,78385
"2019-09-03",3585,3620,3550,3580,45974
"2019-09-04",3585,3940,3580,3690,461196
"2019-09-05",3725,4160,3655,4090,1150649
"2019-09-06",4050,4085,3970,4025,265468
"2019-09-09",4025,4265,3990,4120,381402
"2019-09-10",4265,4425,4045,4270,679311
"2019-09-11",4330,4370,4140,4200,288916
"2019-09-16",4250,4445,4245,4315,445315
"2019-09-17",4155,4340,4155,4315,169992
"2019-09-18",4255,4420,4220,4390,254986
"2019-09-19",4430,4430,4305,4340,128452
"2019-09-20",4330,4410,4280,4375,113495
"2019-09-23",4470,4470,4320,4330,171549
"2019-09-24",4350,4350,4130,4315,162979
"2019-09-25",4365,4395,4090,4120,220467
"2019-09-26",4130,4285,4120,4240,112151
"2019-09-27",4190,4320,4180,4230,88100
"2019-09-30",4230,4260,4055,4150,62580
"2019-10-01",4220,4220,4130,4180,52388
"2019-10-02",4385,4390,4140,4160,172570
"2019-10-04",4160,4220,4040,4045,97142
"2019-10-07",3845,3900,3645,3705,284908
"2019-10-08",3675,3750,3635,3675,109219
"2019-10-10",3695,3730,3610,3725,66796
"2019-10-11",3730,3780,3700,3730,32606
"2019-10-14",3750,3870,3735,3765,120763
"2019-10-15",3785,3830,3750,3765,49922
"2019-10-16",3785,3850,3785,3845,56709
"2019-10-17",3855,3890,3785,3810,65305
"2019-10-18",3905,4065,3870,3875,148618
"2019-10-21",3875,3875,3710,3725,94793
"2019-10-22",3725,3820,3700,3735,105785
"2019-10-23",3650,3725,3590,3610,154999
"2019-10-24",3610,3765,3610,3750,88033
"2019-10-25",3790,3790,3700,3750,51110
"2019-10-28",3750,3755,3695,3725,57806
"2019-10-29",3715,4185,3715,4090,461380
"2019-10-30",4030,4180,3950,4125,255701
"2019-10-31",4110,4165,4070,4110,103100
"2019-11-01",4090,4410,4090,4150,318241
"2019-11-04",4350,5390,4270,5390,5811276
"2019-11-05",5390,6110,5210,5410,10952409
"2019-11-06",5430,5840,5310,5510,4442889
"2019-11-07",5440,5500,5400,5430,552365
"2019-11-08",5550,5760,5540,5760,780157
"2019-11-11",5940,6390,5940,6240,1247603
"2019-11-12",6240,6510,5850,6400,1929704
"2019-11-13",6590,8270,6510,7210,9858753
"2019-11-14",7100,7430,6910,7200,1935972
"2019-11-15",7150,7490,6770,7000,2065710
"2019-11-18",7300,7300,6900,7100,1410441
"2019-11-19",7030,7420,6940,7050,2378731
"2019-11-20",7150,7380,6880,7270,1405823
"2019-11-21",7250,7370,6630,6630,1199239
"2019-11-22",6680,7150,6630,7080,1792839
"2019-11-25",7200,7250,6670,6740,1244322
"2019-11-26",6740,7130,6710,7030,1348987
"2019-11-27",7040,7390,6900,6950,2055840
"2019-11-28",6940,7550,6830,7550,2181863
"2019-11-29",7470,7590,5940,6450,2142270
"2019-12-02",6560,6600,5910,6380,1650206
"2019-12-03",6400,7030,6250,6810,1209753
"2019-12-04",6750,6820,6360,6480,574301
"2019-12-05",6480,6600,6090,6240,493485
"2019-12-06",6240,6480,6230,6340,306175
"2019-12-09",6550,6710,6350,6510,555597
"2019-12-10",6530,6590,6300,6420,289003
"2019-12-11",6440,6480,6340,6340,243591
"2019-12-12",6420,6590,6390,6390,363198
"2019-12-13",6370,6710,6370,6650,405132
"2019-12-16",6650,6670,6420,6450,323908
"2019-12-17",6560,6900,6410,6890,1013907
"2019-12-18",7010,7150,6530,6690,1455599
"2019-12-19",6660,6770,6570,6640,431101
"2019-12-20",6690,6750,6150,6350,462302
"2019-12-23",6330,6350,5910,6120,714984
"2019-12-24",6090,6400,6090,6280,504298
"2019-12-26",6230,6790,6230,6670,701804
"2019-12-27",6690,6870,6610,6820,441392
"2019-12-30",6790,7020,6750,6940,395768
"2020-01-02",7090,7270,6920,7080,609140
"2020-01-03",7070,7880,7040,7880,2276115
"2020-01-06",7690,7940,7490,7810,1543771
"2020-01-07",7810,7990,7510,7620,1080871
"2020-01-08",7550,7600,6900,7250,1705209
"2020-01-09",7470,8760,7450,8400,5925367
"2020-01-10",8400,8540,8230,8480,1420504
"2020-01-13",8430,8780,8250,8770,1338670
"2020-01-14",8680,8700,8010,8270,1554453
"2020-01-15",8180,8430,8100,8230,806779
"2020-01-16",8280,8280,7710,8270,979064
"2020-01-17",8250,8310,7950,8000,365331
"2020-01-20",7980,7980,7480,7580,583405
"2020-01-21",7610,7770,7430,7700,567746
"2020-01-22",7680,7880,7600,7750,427950
"2020-01-23",7830,7870,7420,7610,488244
"2020-01-28",7100,7340,6990,7180,579536
"2020-01-29",7290,7630,7280,7380,657857
"2020-01-30",7380,7380,6910,7060,595375
"2020-01-31",7050,7140,6600,6670,743473
"2020-02-03",6510,7070,6400,7070,790394
"2020-02-04",7110,7300,6980,7190,676525
"2020-02-05",7260,7260,7020,7040,340050
"2020-02-06",7120,7250,7050,7250,211446
"2020-02-07",7220,7470,7060,7430,446820
"2020-02-10",7400,7870,7370,7760,1574761
"2020-02-11",7690,7760,7580,7650,487244
"2020-02-12",7740,7850,7540,7850,762599
"2020-02-13",7720,7850,7350,7580,855899
"2020-02-14",7580,7620,7350,7370,355597
"2020-02-17",7360,7360,7090,7110,373639
"2020-02-18",7170,7370,6920,6980,469557
"2020-02-19",7080,7290,6780,7090,615614
"2020-02-20",7030,7170,6900,6910,351397
"2020-02-21",6740,6950,6440,6500,669269
"2020-02-24",6210,6270,6010,6010,606292
"2020-02-25",6000,6890,5970,6530,1162121
"2020-02-26",6330,6780,6300,6780,568316
"2020-02-27",6730,6860,6420,6420,448182
"2020-02-28",6300,6590,6080,6170,525395
"2020-03-02",6200,6620,6130,6550,425857
"2020-03-03",6750,6830,6480,6480,293152
"2020-03-04",6450,6970,6430,6920,708641
"2020-03-05",6980,7040,6810,7000,422158
"2020-03-06",6920,7070,6800,6910,312625
"2020-03-09",6700,6830,6420,6450,442451
"2020-03-10",6330,6820,6230,6780,637310
"2020-03-11",6770,6780,6200,6360,547070
"2020-03-12",6320,6500,5840,6000,565422
"2020-03-13",5160,5600,4650,5100,1164724
"2020-03-16",5180,5490,4740,4740,920811
"2020-03-17",4500,5100,4390,5010,948188
"2020-03-18",5080,5140,4400,4400,960973
"2020-03-19",4530,4585,3275,3510,1729102
"2020-03-20",3530,3870,3500,3840,1292848
"2020-03-23",3540,3705,3375,3480,951802
"2020-03-24",3680,4040,3600,4040,931893
"2020-03-25",4150,4320,4100,4320,1003907
"2020-03-26",4405,5270,4280,4870,1720258
"2020-03-27",5130,5200,4500,5200,1023333
"2020-03-30",5030,5940,4940,5920,1376725
"2020-03-31",6050,6500,5850,6080,1255345
"2020-04-01",6080,6320,5650,5750,663688
"2020-04-02",5950,5950,5540,5840,721906
"2020-04-03",5980,6330,5810,6240,1052462
"2020-04-06",6450,6570,6130,6300,987825
"2020-04-07",6570,6580,5870,6000,1474813
"2020-04-08",6000,6010,5610,5650,1119989
"2020-04-09",5720,6280,5650,5960,2176577
"2020-04-10",6090,6090,5350,5580,858165
"2020-04-13",5500,5730,5160,5210,718984
"2020-04-14",5330,6250,5300,5990,2731086
"2020-04-16",6160,6350,5720,6350,2682019
"2020-04-17",6750,6780,6210,6350,1648526
"2020-04-20",6270,6850,6060,6370,3207917
"2020-04-21",6440,6890,5730,6520,4825364
"2020-04-22",6430,8270,6180,8270,7806246
"2020-04-23",7450,8210,7360,7360,8061778
"2020-04-24",7280,7520,6890,6960,2321549
"2020-04-27",7090,7240,6830,6900,1184260
"2020-04-28",7020,7140,6730,7110,1282934
"2020-04-29",7200,7540,6960,7050,2006318
"2020-05-04",7120,7230,6930,6930,660053
"2020-05-06",7040,7130,6840,7100,783952
"2020-05-07",7180,7300,6990,7100,699301
"2020-05-08",7160,7180,7000,7050,473863
"2020-05-11",7090,7090,6660,6720,848361
"2020-05-12",6740,6780,6500,6670,488276
"2020-05-13",6600,6730,6460,6660,251347
"2020-05-14",6590,6740,6420,6430,428790
"2020-05-15",6460,6550,6250,6400,376892
"2020-05-18",6400,6520,6340,6480,278475
"2020-05-19",6600,6840,6520,6790,757702
"2020-05-20",6770,6940,6720,6780,467719
"2020-05-21",6820,6820,6690,6700,271812
"2020-05-22",6740,6880,6510,6600,501381
"2020-05-25",6580,6640,6480,6610,232121
"2020-05-26",6610,6850,6520,6810,680634
"2020-05-27",6830,7030,6680,7030,873700
"2020-05-28",7030,7050,6590,6630,757193
"2020-05-29",6610,6750,6440,6650,434708
"2020-06-01",6750,6870,6670,6710,370915
"2020-06-02",6750,6950,6700,6770,391980
"2020-06-03",6770,6840,6670,6690,251944
"2020-06-04",6730,6740,6550,6600,253625
"2020-06-05",6600,6640,6550,6610,137609
"2020-06-08",6610,6730,6550,6620,255851
"2020-06-09",6570,6720,6450,6480,234534
"2020-06-10",6480,6510,6250,6310,307569
"2020-06-11",6330,6390,6190,6230,239800
"2020-06-12",6070,6140,5850,6080,298899
"2020-06-15",5950,6040,5490,5500,480998
"2020-06-16",5700,6130,5700,6030,392203
"2020-06-17",5940,6030,5750,5840,237151
"2020-06-18",5780,6110,5750,5940,261761
"2020-06-19",5940,6330,5900,6030,430918
"2020-06-22",6170,6170,5950,6020,174921
"2020-06-23",6020,6120,5820,5830,152578
"2020-06-24",6070,6530,6000,6240,581902
"2020-06-25",6100,6130,5950,6000,174347
"2020-06-26",6070,6290,5960,6100,249646
"2020-06-29",6070,6280,6020,6120,282170
"2020-06-30",6290,6300,6090,6120,239990
"2020-07-01",6170,6460,6160,6230,541301
"2020-07-02",6310,6630,6250,6630,598408
"2020-07-03",6730,6730,6530,6660,434321
"2020-07-06",6750,6930,6610,6690,747100
"2020-07-07",6690,6770,6520,6580,665472
"2020-07-08",7200,7350,6500,6520,2986858
"2020-07-09",6520,6830,6450,6810,574330
"2020-07-10",6820,6830,6440,6540,435593
"2020-07-13",6510,6580,6450,6550,189165
"2020-07-14",6590,6730,6470,6540,263142
"2020-07-15",6590,6640,6490,6570,197051
"2020-07-16",6510,6620,6440,6490,210389
"2020-07-17",6520,6540,6430,6470,102971
"2020-07-20",6550,6550,6300,6330,248772
"2020-07-21",6380,6400,6210,6290,196831
"2020-07-22",6310,6310,6080,6120,223176
"2020-07-23",6120,6150,5980,6020,243718
"2020-07-24",6130,6240,5990,6030,272458
"2020-07-27",6140,6250,6010,6080,275719
"2020-07-28",6070,6210,6060,6060,115962
"2020-07-29",6010,6220,6010,6190,228695
"2020-07-30",6260,6410,6160,6200,355168
"2020-07-31",6150,6280,6140,6150,141094
"2020-08-03",6170,6270,6080,6100,133519
"2020-08-04",6100,6280,6090,6220,139631
"2020-08-05",6200,6280,6130,6130,152497
"2020-08-06",6130,6250,6090,6110,185675
"2020-08-07",6170,6200,5990,6010,206900
"2020-08-10",6070,6130,6020,6120,342254
"2020-08-11",6460,6590,6230,6400,2711954
"2020-08-12",6340,6380,6160,6240,391938
"2020-08-13",6240,6340,6100,6250,325512
"2020-08-14",6210,6270,5980,6120,392093
"2020-08-18",6060,6090,5630,5630,283372
"2020-08-19",5630,5770,5560,5770,228798
"2020-08-20",5750,5760,5410,5420,259758
"2020-08-21",5490,5710,5420,5680,267119
"2020-08-24",5590,5720,5500,5700,99946
"2020-08-25",5710,5950,5710,5880,162423
"2020-08-26",5900,6010,5810,5930,152449
"2020-08-27",5950,5960,5710,5730,142161
"2020-08-28",5750,5930,5750,5850,89317
"2020-08-31",5940,6000,5740,5820,123695
"2020-09-01",5800,5930,5760,5920,130636
"2020-09-02",5920,6020,5910,6000,117440
"2020-09-03",6000,6000,5930,5970,97897
"2020-09-04",5750,6200,5660,5930,349473
"2020-09-07",5930,6200,5820,6050,305113
"2020-09-08",6060,6100,5930,5930,132953
"2020-09-09",5880,6250,5800,6130,360738
"2020-09-10",6240,6240,6050,6060,195158
"2020-09-11",6060,6170,6000,6070,132712
"2020-09-14",6090,6160,6050,6110,154233
"2020-09-15",6120,6130,6060,6100,100502
"2020-09-16",6130,6190,6030,6060,143552
"2020-09-17",6070,6100,5900,5900,160727
"2020-09-18",5990,6060,5860,5940,118207
"2020-09-21",5940,6020,5800,5830,124781
"2020-09-22",5770,5830,5550,5630,124779
"2020-09-23",5670,5750,5520,5680,64225
"2020-09-24",5560,5690,5480,5540,137200
"2020-09-25",5550,5780,5450,5670,125364
"2020-09-28",5630,5760,5630,5660,54921
"2020-09-29",5700,5810,5670,5750,58983
"2020-10-05",5750,5800,5680,5700,64798
"2020-10-06",5720,6260,5720,5830,502589
"2020-10-07",5800,5950,5770,5820,78059
"2020-10-08",5820,5910,5750,5790,113114
"2020-10-12",5800,5920,5790,5830,166811
"2020-10-13",5850,6180,5830,6100,284715
"2020-10-14",6070,6130,5890,5890,155078
"2020-10-15",5900,5950,5750,5820,108860
"2020-10-16",5820,5940,5700,5730,149126
"2020-10-19",5680,5840,5680,5750,62461
"2020-10-20",5700,5800,5600,5640,153397
"2020-10-21",5790,5940,5670,5830,325887
"2020-10-22",5770,5830,5740,5760,90270
"2020-10-23",5760,5820,5680,5690,75650
"2020-10-26",5730,5730,5460,5460,165205
"2020-10-27",5390,5530,5360,5420,79752
"2020-10-28",5360,5500,5350,5420,63428
"2020-10-29",5210,5450,5210,5450,129301
"2020-10-30",5470,5470,5330,5330,76747
"2020-11-02",5330,5470,5270,5440,44688
"2020-11-03",5450,5560,5450,5500,83489
"2020-11-04",5620,5750,5490,5670,195311
"2020-11-05",5600,5710,5540,5680,70678
"2020-11-06",5780,5780,5450,5610,79158
"2020-11-09",5660,5740,5600,5700,177365
"2020-11-10",5780,5790,5640,5670,100565
"2020-11-11",5700,5750,5610,5700,93066
"2020-11-12",5780,5780,5660,5730,65183
"2020-11-13",5730,5750,5610,5650,71880
"2020-11-16",5670,5710,5620,5680,89784
"2020-11-17",5740,6170,5700,5900,811794
"2020-11-18",5970,6090,5940,6010,243005
"2020-11-19",6040,6040,5930,5960,139330
"2020-11-20",5960,6090,5950,5990,114669
"2020-11-23",5970,5970,5890,5920,115824
"2020-11-24",5930,6080,5930,6040,160278
"2020-11-25",6100,6160,5970,6060,345405
"2020-11-26",6000,6150,5960,6060,268006
"2020-11-27",6060,6120,5970,5990,207355
"2020-11-30",6050,6050,5950,5950,87782
"2020-12-01",5930,6010,5920,5970,85610
"2020-12-02",5990,6070,5950,6030,125929
"2020-12-03",6030,6070,5980,5980,117093
"2020-12-04",5980,5980,5810,5980,253201
"2020-12-07",6010,6030,5860,5970,129286
"2020-12-08",5970,6160,5950,6040,298610
"2020-12-09",6100,6160,6040,6130,208668
"2020-12-10",6090,6570,6040,6380,1177666
"2020-12-11",6390,6430,6190,6320,387775
"2020-12-14",6300,6460,6190,6380,414413
"2020-12-15",6420,6460,6300,6370,199805
"2020-12-16",6420,6550,6370,6370,407000
"2020-12-17",6400,6440,6260,6260,255191
"2020-12-18",6340,6440,6230,6270,259640
"2020-12-21",6300,6500,6280,6360,423384
"2020-12-22",6370,6450,6140,6250,467366
"2020-12-23",6240,6290,6040,6130,253977
"2020-12-24",6110,6290,6110,6180,188922
"2020-12-28",6180,6210,6010,6030,232558
"2020-12-29",6050,6250,6030,6210,164926
"2020-12-30",6320,6370,6210,6290,225379
"2021-01-04",6250,6410,6070,6370,478692
"2021-01-05",6300,6770,6300,6710,1249699
"2021-01-06",6770,6780,6590,6730,595160
"2021-01-07",6740,6880,6650,6750,497088
"2021-01-08",6850,6860,6650,6660,377182
"2021-01-11",6730,6760,6370,6560,462714
"2021-01-12",6560,6720,6440,6600,260603
"2021-01-13",6590,6630,6480,6540,232932
"2021-01-14",6440,6730,6430,6720,431542
"2021-01-15",6720,6740,6500,6500,314528
"2021-01-18",6490,6600,6300,6300,324282
"2021-01-19",6400,7130,6310,6570,4809026
"2021-01-20",6590,6630,6410,6580,515699
"2021-01-21",6580,6670,6510,6600,464723
"2021-01-22",6660,6670,6440,6550,348688
"2021-01-25",6600,6660,6540,6660,367644
"2021-01-26",6710,6710,6460,6500,343960
"2021-01-27",6500,6520,6350,6400,293468
"2021-01-28",6270,6410,6180,6240,307613
"2021-01-29",6320,6320,5900,6010,396407
"2021-02-01",6130,6250,5830,6200,253725
"2021-02-02",6240,6380,6200,6240,264691
"2021-02-03",6310,6440,6220,6420,236900
"2021-02-04",6410,6420,6220,6270,153932
"2021-02-05",6340,6350,6200,6240,145538
"2021-02-08",6210,6440,6180,6370,287411
"2021-02-09",6370,6400,6270,6290,136078
"2021-02-10",6290,6350,6250,6280,107091
"2021-02-15",6370,6420,6270,6360,143637
"2021-02-16",6360,6460,6350,6460,249931
"2021-02-17",6460,6590,6420,6570,358658
"2021-02-18",6560,6570,6450,6450,217653
"2021-02-19",6450,6490,6330,6420,157563
"2021-02-22",6390,6520,6350,6360,176889
"2021-02-23",6310,6350,6190,6270,151976
"2021-02-24",6270,6380,5940,6090,278001
"2021-02-25",6230,6270,6090,6180,163005
"2021-02-26",6040,6100,5960,6040,217823
"2021-03-02",6160,6160,5900,5950,191068
"2021-03-03",6010,6070,5950,6070,118167
"2021-03-04",6020,6080,5960,6080,110850
"2021-03-05",6030,6030,5900,5980,121778
"2021-03-08",6010,6200,5990,6100,262222
"2021-03-09",6130,6170,6030,6150,236853
"2021-03-10",6210,6210,6040,6070,114737
"2021-03-11",6130,6210,6120,6140,112165
"2021-03-12",6180,6350,6170,6270,210984
"2021-03-15",6310,6400,6250,6330,266002
"2021-03-16",6330,6460,6310,6360,155338
"2021-03-17",6360,6390,6300,6360,153646
"2021-03-18",6390,6440,6360,6400,154747
"2021-03-19",6370,6480,6350,6430,120761
"2021-03-22",6450,6550,6450,6550,255812
"2021-03-23",6550,6640,6480,6490,500294
"2021-03-24",6500,6900,6450,6450,2442560
"2021-03-25",6440,6690,6430,6590,622798
"2021-03-26",6610,6740,6570,6660,395832
"2021-03-29",6710,6780,6580,6600,283799
"2021-03-30",6600,7220,6590,7120,3740298
"2021-03-31",7080,7260,7010,7160,1245003
"2021-04-01",7210,7230,6970,7020,398511
"2021-04-02",7020,7120,6950,7000,367763
"2021-04-05",7050,7060,6960,6990,260756
"2021-04-06",7030,7060,6950,7010,336186
"2021-04-07",6960,7100,6920,7100,290801
"2021-04-08",6980,7100,6810,6890,595862
"2021-04-09",6890,7020,6830,6890,266896
"2021-04-12",6890,6990,6880,6950,198509
"2021-04-13",7020,7030,6850,6890,253610
"2021-04-14",6900,6950,6760,6910,291804
"2021-04-15",6920,7040,6860,6950,254275
"2021-04-16",6960,6980,6880,6940,188027
"2021-04-19",6920,7040,6910,6930,287011
"2021-04-20",6930,6990,6900,6950,265152
"2021-04-21",6950,7210,6940,7160,1163865
"2021-04-22",7160,7180,7050,7100,392090
"2021-04-23",7100,7130,6960,7040,315792
"2021-04-26",7100,7130,7030,7090,279112
"2021-04-27",7110,7230,7000,7210,360583
"2021-04-28",7240,7340,6910,6910,563317
"2021-04-29",6920,7050,6790,6870,235261
"2021-04-30",6880,6930,6600,6720,264449
"2021-05-03",6730,6910,6670,6800,219937
"2021-05-04",6900,7100,6760,6950,442927
"2021-05-06",6900,7300,6900,7180,848178
"2021-05-07",7180,7930,7170,7700,5977256
"2021-05-10",7750,7930,7610,7790,1524457
"2021-05-11",8120,8130,7690,7800,1327747
"2021-05-12",7810,7820,7330,7440,745529
"2021-05-13",7280,7530,7210,7270,481546
"2021-05-14",7320,7600,7280,7560,457135
"2021-05-17",7620,7810,7380,7460,486605
"2021-05-18",7200,7350,6900,6980,1001141
"2021-05-20",7000,7080,6880,6930,311212
"2021-05-21",6980,7080,6800,6860,301315
"2021-05-24",6820,6840,6600,6660,311270
"2021-05-25",6720,6750,6610,6710,195182
"2021-05-26",6820,7010,6790,6880,339403
"2021-05-27",6830,7130,6800,7110,337451
"2021-05-28",7110,7110,6940,6960,221550
"2021-05-31",6960,7040,6890,6980,165960
"2021-06-01",7000,7050,6940,7030,239902
"2021-06-02",7030,7410,7020,7340,992051
"2021-06-03",7360,7380,7220,7280,281701
"2021-06-04",7260,7280,7070,7180,192847
"2021-06-07",7200,8120,7120,7520,2790889
"2021-06-08",7610,7640,7380,7380,568606
"2021-06-09",7520,7600,7320,7320,490709
"2021-06-10",7300,7420,7240,7310,220207
"2021-06-11",7380,7440,7240,7300,178210
"2021-06-14",7300,7320,7160,7220,216000
"2021-06-15",7220,7350,7170,7340,233237
"2021-06-16",7470,7620,7350,7410,1132948
"2021-06-17",7490,7500,7380,7430,298315
"2021-06-18",7510,7510,7400,7440,270283
"2021-06-21",7420,7530,7250,7270,333348
"2021-06-22",7350,7370,7180,7290,267013
"2021-06-23",7300,7310,7060,7060,340496
"2021-06-24",7070,7090,6890,6990,290078
"2021-06-25",6990,7090,6960,7020,165975
"2021-06-28",7030,7160,6990,7110,180066
"2021-06-29",7110,7170,7000,7010,214855
"2021-06-30",7050,7260,7010,7250,285531
"2021-07-01",7260,7270,7170,7270,191105
"2021-07-02",7280,7580,7270,7360,766928
"2021-07-05",7390,7450,7260,7290,200774
"2021-07-06",7330,7400,7190,7270,262117
"2021-07-07",7250,7390,7160,7260,308800
"2021-07-08",7260,7350,6970,6980,386448
"2021-07-09",6920,6930,6690,6810,375175
"2021-07-12",6880,7180,6830,7130,334633
"2021-07-13",7180,7780,7130,7560,3343504
"2021-07-14",7760,7760,7430,7500,714114
"2021-07-15",7460,8050,7410,7550,2135844
"2021-07-16",7550,7830,7550,7650,854104
"2021-07-19",7650,7650,7340,7400,405015
"2021-07-20",7230,7450,7160,7330,355193
"2021-07-21",7350,7430,7200,7210,230929
"2021-07-22",7200,7290,7020,7080,301110
"2021-07-23",7060,7240,7040,7160,206760
"2021-07-26",7200,7200,6930,6930,271025
"2021-07-27",7040,7240,6960,7100,317338
"2021-07-28",7100,7550,7040,7320,2200038
"2021-07-29",7270,7450,7270,7400,364971
"2021-07-30",7420,7440,7280,7420,373010
"2021-08-02",7410,7420,7270,7280,227810
"2021-08-03",7260,7380,7230,7350,220822
"2021-08-04",7350,7460,7300,7410,194089
"2021-08-05",7390,7490,7340,7430,211914
"2021-08-06",7430,7580,7340,7460,382825
"2021-08-09",7540,7540,7320,7340,233426
"2021-08-10",7290,7340,7000,7130,491522
"2021-08-11",7070,7160,6960,7000,265533
"2021-08-12",7040,7070,6920,7010,192876
"2021-08-13",7030,7040,6750,6900,268948
"2021-08-17",6850,6880,6530,6580,291675
"2021-08-18",6500,6740,6450,6700,160803
"2021-08-19",6590,6710,6300,6330,259620
"2021-08-20",6330,6430,5980,6070,268811
"2021-08-23",6090,6220,6000,6170,135563
"2021-08-24",6220,6370,6210,6340,213779
"2021-08-25",6750,6800,6330,6370,430974
"2021-08-26",6320,6420,6240,6330,110859
"2021-08-27",6250,6580,6220,6550,162502
"2021-08-30",6550,6670,6520,6610,146850
"2021-08-31",6610,6640,6420,6550,85674
"2021-09-01",6580,6580,6470,6560,73824
"2021-09-02",6560,6560,6440,6490,97066
"2021-09-03",6450,6530,6440,6450,60449
"2021-09-06",6400,6520,6290,6500,122445
"2021-09-07",6470,6500,6370,6430,56828
"2021-09-08",6400,6490,6300,6300,141316
"2021-09-09",6200,6360,6160,6200,105139
"2021-09-10",6200,6250,6000,6210,136499
"2021-09-13",6210,6300,6070,6170,75134
"2021-09-14",6140,6260,6120,6210,73637
"2021-09-15",6290,6290,6160,6210,59388
"2021-09-16",6210,6280,6110,6110,77598
"2021-09-17",6100,6150,6070,6130,54859
"2021-09-23",6030,6120,6000,6030,73627
"2021-09-24",6030,6340,6020,6260,162079
"2021-09-27",6260,6390,6170,6370,167495
"2021-09-28",6370,6370,6120,6170,126343
"2021-09-29",5960,6130,5920,5970,138393
"2021-09-30",6030,6200,6030,6040,106848
"2021-10-01",6040,6170,5960,6040,119346
"2021-10-05",6180,6360,5950,6000,187518
"2021-10-06",6000,6040,5500,5550,198521
"2021-10-07",5430,5760,5430,5730,118166
"2021-10-08",5800,5810,5610,5810,71061
"2021-10-12",5700,5750,5580,5610,105074
"2021-10-13",5580,5690,5580,5660,60724
"2021-10-14",5690,5770,5670,5750,69347
"2021-10-15",5770,5920,5750,5890,60076
"2021-10-18",5900,5950,5760,5870,47371
"2021-10-19",5850,5960,5710,5870,63382
"2021-10-20",5920,5980,5780,5890,91868
"2021-10-21",5910,5920,5730,5790,63208
"2021-10-22",5790,5790,5700,5760,34728
"2021-10-25",5740,5790,5700,5750,22900
"2021-10-26",5770,5800,5690,5720,53424
"2021-10-27",5690,5750,5600,5650,64831
"2021-10-28",5640,5690,5440,5550,134815
"2021-10-29",5560,5560,5350,5390,139526
"2021-11-01",5360,5440,5330,5380,55575
"2021-11-02",5320,5440,5320,5400,76155
"2021-11-03",5450,5460,5360,5390,58310
"2021-11-04",5390,5440,5310,5350,54754
"2021-11-05",5350,5370,5230,5290,77046
"2021-11-08",5230,5470,5210,5470,137394
"2021-11-09",5470,5550,5340,5460,101044
"2021-11-10",5460,5490,5330,5370,71163
"2021-11-11",5240,5460,5240,5320,93902
"2021-11-12",5400,5460,5330,5400,67444
"2021-11-15",5430,5460,5370,5410,60943
"2021-11-16",5410,5440,5210,5300,127784
"2021-11-17",5300,5360,5080,5120,145934
"2021-11-18",5120,5270,5070,5200,87840
"2021-11-19",5050,5340,5050,5290,93118
"2021-11-22",5250,5250,5070,5160,93142
"2021-11-23",5100,5310,5100,5170,69227
"2021-11-24",5140,5300,5140,5230,63809
"2021-11-25",5230,5280,5070,5120,66483
"2021-11-26",5220,5480,5070,5070,197091
"2021-11-29",4995,5040,4700,4905,152452
"2021-11-30",4995,5010,4560,4565,159652
"2021-12-01",4550,4605,4380,4590,109903
"2021-12-02",4600,4850,4500,4850,97927
"2021-12-03",4900,5050,4850,5020,90805
"2021-12-06",5050,5130,4990,5080,60198
"2021-12-07",5100,5190,5050,5080,41417
"2021-12-08",5170,5170,5020,5050,52056
"2021-12-09",5070,5230,5070,5230,65470
"2021-12-10",5200,5310,5170,5280,69484
"2021-12-13",5280,5310,5170,5240,67612
"2021-12-14",5200,5250,5070,5160,51425
"2021-12-15",5160,5180,5070,5100,41582
"2021-12-16",5180,5180,5010,5100,51290
"2021-12-17",5110,5120,4990,5040,36076
"2021-12-20",5050,5080,4955,4965,34083
"2021-12-21",5010,5010,4805,4920,41854
"2021-12-22",4920,4920,4800,4815,85844
"2021-12-23",4815,4830,4700,4735,46921
"2021-12-24",4700,4805,4700,4785,39599
"2021-12-27",4750,5410,4740,4910,391460
"2021-12-28",4910,4935,4815,4835,54569
"2021-12-29",4890,4895,4705,4870,24044
"2021-12-30",4895,4895,4825,4860,28939
"2022-01-03",4985,5090,4925,4980,109243
"2022-01-04",5080,5250,4970,5160,183457
"2022-01-05",5140,5180,4990,5030,88053
"2022-01-06",5040,5300,4980,5260,116676
"2022-01-07",5290,5490,5180,5260,248945
"2022-01-10",5260,5320,5100,5200,67763
"2022-01-11",5210,5250,5000,5070,79732
"2022-01-12",5080,5130,5000,5080,58280
"2022-01-13",5080,5110,5010,5020,44443
"2022-01-14",5020,5150,4960,5050,62649
"2022-01-17",5150,5640,5070,5100,1528733
"2022-01-18",5100,5140,4910,4950,172141
"2022-01-19",4905,5010,4750,4800,132780
"2022-01-20",4810,4955,4745,4955,69206
"2022-01-21",4950,5030,4875,5030,79780
"2022-01-24",5010,5020,4790,4825,85175
"2022-01-25",4760,4830,4500,4515,119114
"2022-01-26",4470,4595,4445,4535,42546
"2022-01-27",4900,4900,4255,4300,99034
"2022-01-28",4300,4505,3940,4505,139722
"2022-02-03",4510,4625,4485,4595,56442
"2022-02-04",4585,4640,4510,4635,46913
"2022-02-07",4675,4675,4585,4650,23219
"2022-02-08",4650,4660,4490,4550,41224
"2022-02-09",4600,4635,4550,4630,26972
"2022-02-10",4630,4650,4565,4630,39042
"2022-02-11",4540,4615,4485,4500,51853
"2022-02-14",4480,4480,4230,4270,53626
"2022-02-15",4270,4330,4175,4250,58107
"2022-02-16",4255,4380,4255,4350,40145
"2022-02-17",4415,4435,4250,4305,47547
"2022-02-18",4255,4455,4235,4375,42320
"2022-02-21",4375,4375,4245,4350,26831
"2022-02-22",4245,4320,4160,4210,38896
"2022-02-23",4185,4305,4165,4300,35611
"2022-02-24",4300,4300,4085,4105,59382
"2022-02-25",4115,4275,4115,4170,29795
"2022-02-28",4195,4260,4140,4205,35684
"2022-03-02",4205,4285,4200,4275,23226
"2022-03-03",4350,4400,4300,4400,45243
"2022-03-04",4500,4500,4320,4390,28380
"2022-03-07",4310,4345,4275,4320,23759
"2022-03-08",4295,4320,4205,4270,35549
"2022-03-10",4295,4500,4295,4445,93962
"2022-03-11",4440,5770,4440,5400,7738892
"2022-03-14",5460,5790,5340,5680,2652814
"2022-03-15",5900,6250,5570,5880,5046451
"2022-03-16",5800,6370,5700,5930,5529633
"2022-03-17",5880,5930,5790,5800,819049
"2022-03-18",5770,5840,5610,5710,527732
"2022-03-21",5690,5790,5610,5620,463834
"2022-03-22",5470,5670,5260,5670,478666
"2022-03-23",5630,5730,5520,5670,673576
"2022-03-24",5650,6660,5450,6000,8604646
"2022-03-25",5940,6330,5870,6120,3351615
"2022-03-28",6190,6440,6130,6330,2615672
"2022-03-29",6330,6390,6110,6110,685383
"2022-03-30",6090,6150,5840,5910,410428
"2022-03-31",5910,6010,5860,5920,154542
"2022-04-01",5880,5920,5730,5750,267245
"2022-04-04",5680,5920,5680,5790,214726
"2022-04-05",5790,5820,5460,5660,244737
"2022-04-06",5660,5670,5530,5560,112463
"2022-04-07",5510,5530,5300,5310,160301
"2022-04-08",5320,5450,5240,5350,147298
"2022-04-11",5260,5480,5260,5340,125735
"2022-04-12",5260,5390,5150,5300,109633
"2022-04-13",5300,5410,5260,5380,90406
"2022-04-14",5470,5470,5310,5350,69387
"2022-04-15",5330,5660,5320,5520,310655
"2022-04-18",5540,5780,5470,5720,446594
"2022-04-19",5700,5700,5510,5550,146384
"2022-04-20",5580,5730,5510,5520,284746
"2022-04-21",5500,5700,5450,5600,147601
"2022-04-22",5550,5580,5460,5550,113109
"2022-04-25",5460,5530,5400,5440,105052
"2022-04-26",5500,5650,5400,5560,134581
"2022-04-27",5360,5560,5330,5500,98210
"2022-04-28",5560,5710,5550,5710,281010
"2022-04-29",5830,5900,5620,5850,553498
"2022-05-02",5790,5910,5710,5840,249585
"2022-05-03",5770,5810,5610,5690,226604
"2022-05-04",5690,5690,5550,5600,105324
"2022-05-06",5490,5570,5460,5510,69721
"2022-05-09",5430,5490,5250,5270,111554
"2022-05-10",5150,5290,4905,5230,155791
"2022-05-11",5190,5280,5150,5200,45328
"2022-05-12",5120,5150,4875,4890,133559
"2022-05-13",4895,4970,4875,4940,57434
"2022-05-16",4905,5100,4905,5000,88814
"2022-05-17",5000,5080,4975,4990,51792
"2022-05-18",5040,5060,4870,4880,97965
"2022-05-19",4800,4800,4675,4755,92491
"2022-05-20",4725,4955,4720,4900,61098
"2022-05-23",4805,4905,4805,4815,56156
"2022-05-24",4825,4850,4640,4650,97989
"2022-05-25",4650,4700,4555,4625,52742
"2022-05-26",4625,4900,4625,4645,52662
"2022-05-27",4840,4840,4665,4690,28349
"2022-05-30",4695,4770,4695,4750,33755
"2022-05-31",4800,4830,4695,4820,64965
"2022-06-02",4820,4820,4750,4790,22285
"2022-06-03",4780,4905,4780,4850,49008
"2022-06-07",4805,4845,4650,4650,56100
"2022-06-08",4660,4800,4650,4655,36713
"2022-06-09",4605,4670,4560,4615,80948
"2022-06-10",4575,4625,4560,4615,25533
"2022-06-13",4480,4535,4280,4335,142607
"2022-06-14",4200,4375,4160,4235,127156
"2022-06-15",4215,4275,4005,4035,89582
"2022-06-16",4015,4240,4015,4090,74847
"2022-06-17",4000,4100,3890,4095,75156
"2022-06-20",4110,4110,3685,3770,154270
"2022-06-21",3770,3930,3770,3855,84320
"2022-06-22",3835,3935,3620,3630,72536
"2022-06-23",3600,3680,3355,3365,151269
"2022-06-24",3300,3610,3300,3600,94562
"2022-06-27",3630,3785,3625,3770,66124
"2022-06-28",3740,4110,3735,3925,261226
"2022-06-29",3810,3990,3810,3880,81893
"2022-06-30",3885,4270,3855,4000,1067339
"2022-07-01",4005,4135,3855,3900,275113
"2022-07-04",3885,3970,3700,3845,95344
"2022-07-05",3875,3980,3850,3965,78803
"2022-07-06",3970,3975,3780,3905,46238
"2022-07-07",3925,3965,3875,3950,62568
"2022-07-08",4000,4935,3995,4305,6774352
"2022-07-11",4290,4315,4200,4210,420013
"2022-07-12",4205,4210,4030,4070,324861
"2022-07-13",4100,4145,4060,4060,146264
"2022-07-14",4045,4095,4015,4065,94636
"2022-07-15",4065,4090,3945,3990,103509
"2022-07-18",4010,4095,4005,4060,70485
"2022-07-19",4005,4115,4005,4090,94485
"2022-07-20",4120,4155,4070,4085,94256
"2022-07-21",4090,4130,4080,4095,59945
"2022-07-22",4100,4160,4065,4105,63191
"2022-07-25",4095,4265,4040,4160,154414
"2022-07-26",4200,4240,4125,4170,76666
"2022-07-27",4140,4205,4045,4190,57138
"2022-07-28",4230,4240,4155,4165,61843
"2022-07-29",4150,4270,4150,4255,136436
"2022-08-01",4260,4380,4250,4320,143626
"2022-08-02",4345,4345,4205,4300,71712
"2022-08-03",4265,4345,4265,4305,48505
"2022-08-04",4370,4410,4310,4335,96314
"2022-08-05",4395,4980,4380,4515,7714827
"2022-08-08",4515,4585,4435,4535,268775
"2022-08-09",4565,4650,4510,4550,612534
"2022-08-10",4530,4705,4495,4585,970091
"2022-08-11",5280,5790,5070,5200,9255155
"2022-08-12",5350,5350,5170,5280,1309213
"2022-08-16",5210,5210,4805,4880,750542
"2022-08-17",4820,4905,4670,4720,361804
"2022-08-18",4645,4675,4560,4600,290942
"2022-08-19",4580,4595,4485,4500,234459
"2022-08-22",4385,4440,4285,4330,214000
"2022-08-23",4230,4440,4215,4440,668883
"2022-08-24",4920,5060,4430,4435,2683326
"2022-08-25",4450,4495,4400,4405,309110
"2022-08-26",4425,4615,4410,4545,615021
"2022-08-29",4380,4400,4300,4360,157665
"2022-08-30",4355,4660,4330,4425,534532
"2022-08-31",4400,4485,4365,4485,171947
"2022-09-01",4425,4450,4320,4320,165890
"2022-09-02",4430,5480,4430,5280,17978256
"2022-09-05",6080,6340,5550,5800,18363142
"2022-09-06",4920,5090,4640,4655,5510243
"2022-09-07",4655,4725,4290,4315,1888460
"2022-09-08",4315,4550,4315,4440,1243997
"2022-09-13",4520,4560,4415,4540,1024894
"2022-09-14",4385,4735,4365,4670,1658499
"2022-09-15",4625,4695,4565,4610,657922
"2022-09-16",4525,4555,4380,4450,456550
"2022-09-19",4525,4545,4220,4220,462294
"2022-09-20",4195,4320,4120,4125,298207
"2022-09-21",4125,4160,3970,4000,318791
"2022-09-22",3935,4095,3830,3970,268113
"2022-09-23",3975,4000,3740,3790,309256
"2022-09-26",3700,3770,3490,3505,361851
"2022-09-27",3490,3585,3330,3500,237187
"2022-09-28",3435,3540,3280,3285,215112
"2022-09-29",3325,3515,3325,3325,243838
"2022-09-30",3260,3405,3235,3335,217690
"2022-10-04",3430,3480,3380,3480,99292
"2022-10-05",3495,3605,3375,3405,343118
"2022-10-06",3385,3830,3385,3525,1340796
"2022-10-07",3515,3540,3465,3530,106175
"2022-10-11",3410,3475,3255,3305,253103
"2022-10-12",3280,3345,3250,3340,133214
"2022-10-13",3280,3300,3025,3025,295473
"2022-10-14",3055,3250,3055,3155,216014
"2022-10-17",3085,3250,3080,3235,74548
"2022-10-18",3285,3435,3240,3345,96173
"2022-10-19",3350,3415,3295,3315,98753
"2022-10-20",3315,3390,3240,3270,68637
"2022-10-21",3285,3345,3170,3200,68537
"2022-10-24",3300,3380,3280,3325,80516
"2022-10-25",3325,3860,3255,3375,2907016
"2022-10-26",3335,3375,3205,3230,324937
"2022-10-27",3230,3540,3230,3355,1353673
"2022-10-28",3425,3545,3310,3335,450977
"2022-10-31",3355,3380,3295,3295,128390
"2022-11-01",3310,3435,3295,3390,178482
"2022-11-02",3425,3455,3330,3355,128207
"2022-11-03",3270,3480,3270,3395,179051
"2022-11-04",3420,3425,3320,3415,134071
"2022-11-07",3425,3580,3415,3540,307547
"2022-11-08",3550,3830,3510,3675,1843101
"2022-11-09",3675,3725,3625,3645,271168
"2022-11-10",3580,3730,3555,3690,207799
"2022-11-11",3770,3775,3700,3735,361599
"2022-11-14",3735,3755,3685,3740,227364
"2022-11-15",3740,3920,3740,3785,822804
"2022-11-16",3815,3815,3730,3735,186164
"2022-11-17",3800,3950,3685,3805,795937
"2022-11-18",3850,3940,3720,3730,364955
"2022-11-21",3705,3730,3595,3645,207863
"2022-11-22",3665,4000,3665,3820,1212946
"2022-11-23",3840,3900,3785,3860,269898
"2022-11-24",3870,3965,3805,3875,335371
"2022-11-25",3895,3910,3830,3880,162780
"2022-11-28",3920,3940,3700,3710,293156
"2022-11-29",3665,3820,3605,3800,249603
"2022-11-30",3820,3870,3750,3795,128144
"2022-12-01",3845,3990,3845,3930,742657
"2022-12-02",3905,3960,3830,3845,201239
"2022-12-05",3850,3875,3795,3845,100758
"2022-12-06",3770,3810,3685,3710,126379
"2022-12-07",3635,3710,3575,3665,136609
"2022-12-08",3645,3850,3540,3580,330911
"2022-12-09",3585,3685,3540,3615,80657
"2022-12-12",3515,3615,3515,3585,64825
"2022-12-13",3560,3620,3545,3575,76110
"2022-12-14",3560,3625,3560,3605,51281
"2022-12-15",3595,3655,3570,3605,53793
"2022-12-16",3520,3585,3515,3540,46137
"2022-12-19",3535,3580,3475,3550,48477
"2022-12-20",3510,3550,3400,3410,105842
"2022-12-21",3430,3560,3350,3415,173788
"2022-12-22",3460,3535,3400,3405,101907
"2022-12-23",3385,3395,3250,3275,90560
"2022-12-26",3220,3280,3220,3270,74622
"2022-12-27",3225,3375,3225,3330,66754
"2022-12-28",3350,3365,3305,3340,45844
"2022-12-29",3290,3315,3180,3280,93984
