"","StartPrice","HighPrice","LowPrice","EndPrice","Amount"
"2003-07-29",2527,2826,2228,2412,8269424
"2003-07-30",2470,2693,2432,2541,2431428
"2003-07-31",2584,2603,2242,2241,1050342
"2003-08-01",2194,2308,2023,2094,1022926
"2003-08-04",2057,2232,2057,2094,880749
"2003-08-05",2147,2147,2066,2080,621217
"2003-08-06",2033,2080,1895,1975,693977
"2003-08-07",1976,2156,1900,2085,2021510
"2003-08-08",2166,2185,1966,1966,754732
"2003-08-11",1943,2038,1928,2013,361694
"2003-08-12",2014,2090,1976,1994,478638
"2003-08-13",2232,2232,2232,2232,283899
"2003-08-14",2460,2498,2346,2498,1974858
"2003-08-18",2674,2798,2536,2797,1144587
"2003-08-19",2973,3068,2517,2612,1231685
"2003-08-20",2669,2926,2579,2707,1942867
"2003-08-21",2783,3030,2779,3030,1973779
"2003-08-22",3106,3182,2888,3035,880961
"2003-08-25",3059,3182,2964,2963,621032
"2003-08-26",2964,2992,2722,2792,620640
"2003-08-27",2798,2874,2679,2683,547977
"2003-08-28",2674,2764,2498,2545,565903
"2003-08-29",2598,2684,2517,2555,841528
"2003-09-01",2584,2850,2565,2773,1084441
"2003-09-02",2850,2850,2688,2821,584840
"2003-09-03",2793,2840,2703,2726,378106
"2003-09-04",2731,2764,2593,2640,335628
"2003-09-05",2622,2693,2422,2422,580495
"2003-09-08",2375,2413,2232,2294,417069
"2003-09-09",2308,2565,2304,2564,609501
"2003-09-15",2522,2574,2422,2469,259398
"2003-09-16",2441,2655,2441,2545,294699
"2003-09-17",2565,2612,2441,2469,241719
"2003-09-18",2489,2508,2346,2374,240173
"2003-09-19",2384,2465,2337,2374,204768
"2003-09-22",2403,2441,2109,2170,220120
"2003-09-23",2090,2266,2052,2237,405190
"2003-09-24",2213,2299,2180,2184,195682
"2003-09-25",2014,2171,2014,2104,160385
"2003-09-26",2033,2142,1976,1975,221253
"2003-09-29",1952,2047,1952,1990,240987
"2003-09-30",2028,2109,1995,1994,288663
"2003-10-01",1976,1976,1914,1942,189950
"2003-10-02",1985,2175,1966,2137,527330
"2003-10-06",2137,2166,2085,2165,221153
"2003-10-07",2147,2185,2085,2127,207355
"2003-10-08",2137,2361,2090,2260,1194670
"2003-10-09",2270,2365,2175,2232,386870
"2003-10-10",2261,2294,2128,2156,293873
"2003-10-13",2061,2180,2061,2156,312318
"2003-10-14",2190,2247,2156,2232,343852
"2003-10-15",2266,2299,2147,2251,228999
"2003-10-16",2251,2280,2190,2203,186678
"2003-10-17",2185,2232,2099,2099,139195
"2003-10-20",2351,2351,2218,2351,744197
"2003-10-21",2517,2631,2470,2631,1434494
"2003-10-22",2726,2793,2570,2631,965853
"2003-10-23",2660,2945,2517,2754,1204826
"2003-10-24",2840,2935,2669,2769,799931
"2003-10-27",2793,2817,2641,2754,414935
"2003-10-28",2669,2812,2641,2669,372136
"2003-10-29",2669,2750,2570,2569,788448
"2003-10-30",2574,2726,2532,2726,404583
"2003-10-31",2707,2736,2612,2693,365264
"2003-11-03",2736,2916,2384,2460,1178409
"2003-11-04",2565,2574,2446,2469,483614
"2003-11-05",2470,2479,2270,2389,659933
"2003-11-06",2384,2422,2199,2365,567205
"2003-11-07",2337,2456,2289,2389,525333
"2003-11-10",2342,2441,2289,2308,181908
"2003-11-11",2237,2356,2204,2275,240884
"2003-11-12",2242,2356,2242,2322,172406
"2003-11-13",2299,2470,2047,2279,1381220
"2003-11-14",2261,2308,2204,2232,163527
"2003-11-17",2218,2261,2175,2175,147203
"2003-11-18",2166,2304,2147,2232,180632
"2003-11-19",2175,2213,2095,2137,189114
"2003-11-20",2123,2175,2085,2099,132098
"2003-11-21",2099,2166,2090,2132,113989
"2003-11-24",2180,2180,1995,2104,107177
"2003-11-25",2095,2171,2095,2118,113552
"2003-11-26",2171,2204,2118,2180,94604
"2003-11-27",2194,2261,2123,2213,160735
"2003-11-28",2199,2237,2180,2213,133694
"2003-12-01",2175,2247,2166,2213,125800
"2003-12-02",2270,2270,2175,2175,159747
"2003-12-03",2142,2190,2123,2142,142958
"2003-12-04",2118,2147,2109,2123,90508
"2003-12-05",2142,2156,2090,2089,119626
"2003-12-08",2076,2080,2028,2047,73997
"2003-12-09",2042,2109,2033,2089,106488
"2003-12-10",2042,2080,2014,2013,128151
"2003-12-11",2004,2147,2004,2146,216835
"2003-12-12",2199,2232,2175,2203,205552
"2003-12-15",2270,2299,2166,2180,423322
"2003-12-16",2128,2223,2104,2118,203972
"2003-12-17",1876,2123,1871,2042,148717
"2003-12-18",2004,2137,2004,2080,145639
"2003-12-19",2118,2185,2038,2089,165092
"2003-12-22",2033,2128,1905,1914,176979
"2003-12-23",1919,1985,1881,1890,80520
"2003-12-24",1857,1909,1810,1899,128278
"2003-12-26",1857,1919,1857,1885,39072
"2003-12-29",1857,1938,1857,1918,45807
"2003-12-30",1947,1966,1905,1942,49567
"2004-01-02",1933,1985,1905,1942,50009
"2004-01-05",1924,1985,1890,1904,56174
"2004-01-06",1919,1976,1890,1899,44274
"2004-01-07",1909,1928,1871,1876,51497
"2004-01-08",1857,1905,1848,1890,35149
"2004-01-09",1862,1900,1862,1876,42163
"2004-01-12",1867,1952,1867,1899,70172
"2004-01-13",1947,1976,1886,1923,105328
"2004-01-14",1943,1976,1881,1895,90256
"2004-01-15",1862,1909,1767,1814,133675
"2004-01-16",1786,1824,1700,1752,239109
"2004-01-19",1762,1805,1757,1762,129175
"2004-01-20",1805,1810,1762,1766,142095
"2004-01-26",1724,1776,1710,1728,63974
"2004-01-27",1710,1729,1691,1714,93575
"2004-01-28",1710,1715,1643,1652,170753
"2004-01-29",1653,1662,1596,1610,112385
"2004-01-30",1615,1662,1596,1600,74426
"2004-02-02",1601,1681,1601,1638,139557
"2004-02-03",1605,1629,1567,1576,130021
"2004-02-04",1577,1620,1558,1600,247116
"2004-02-05",1567,1791,1558,1771,420395
"2004-02-06",1767,1905,1724,1838,314833
"2004-02-09",1886,1886,1757,1766,100096
"2004-02-10",1776,1824,1620,1619,157467
"2004-02-11",1624,1672,1624,1662,82833
"2004-02-12",1643,1681,1634,1662,50571
"2004-02-13",1700,1700,1662,1690,44625
"2004-02-16",1681,1724,1662,1719,50137
"2004-02-17",1738,1786,1700,1747,55837
"2004-02-18",1734,1762,1710,1747,75963
"2004-02-19",1772,1772,1672,1743,71123
"2004-02-20",1700,1748,1672,1724,52683
"2004-02-23",1724,1724,1662,1690,47513
"2004-02-24",1700,1710,1605,1686,44245
"2004-02-25",1648,1729,1648,1690,46960
"2004-02-26",1700,1719,1615,1676,72507
"2004-02-27",1596,1681,1596,1667,38615
"2004-03-02",1648,1700,1615,1648,25040
"2004-03-03",1629,1843,1629,1833,356036
"2004-03-04",1814,1881,1757,1781,176207
"2004-03-05",1833,1833,1748,1804,100851
"2004-03-08",1800,1938,1800,1852,182573
"2004-03-09",1852,1862,1786,1833,45142
"2004-03-10",1814,1824,1753,1785,60001
"2004-03-11",1757,1852,1738,1842,47149
"2004-03-12",1824,1867,1672,1719,84945
"2004-03-15",1691,1767,1686,1766,23201
"2004-03-16",1719,1743,1686,1709,24597
"2004-03-17",1662,1738,1662,1738,39748
"2004-03-18",1757,1776,1743,1766,27448
"2004-03-19",1776,1824,1772,1771,54404
"2004-03-22",1748,1810,1748,1776,42015
"2004-03-23",1786,1867,1776,1866,78487
"2004-03-24",1900,1928,1843,1842,88375
"2004-03-25",1810,1857,1795,1842,58722
"2004-03-26",1985,1985,1819,1857,73169
"2004-03-29",1871,1871,1805,1819,57299
"2004-03-30",1829,1852,1800,1809,31840
"2004-03-31",1791,1824,1772,1781,33199
"2004-04-01",1772,1900,1772,1852,45936
"2004-04-02",1862,1862,1800,1823,25982
"2004-04-06",1862,1938,1838,1871,117918
"2004-04-07",1852,1933,1824,1880,417655
"2004-04-08",1881,1890,1724,1814,85583
"2004-04-09",1791,1829,1734,1757,44420
"2004-04-12",1743,1767,1672,1752,60419
"2004-04-13",1743,1786,1715,1757,37414
"2004-04-14",1719,1767,1715,1738,28383
"2004-04-16",1710,1748,1691,1733,41765
"2004-04-19",1700,1753,1700,1728,27135
"2004-04-20",1729,1762,1705,1724,33244
"2004-04-21",1762,1762,1672,1671,44480
"2004-04-22",1691,1748,1691,1705,66827
"2004-04-23",1705,1729,1696,1714,30619
"2004-04-26",1748,1772,1715,1762,61199
"2004-04-27",1762,1800,1748,1800,76049
"2004-04-28",1824,1985,1814,1819,504834
"2004-04-29",1843,1843,1719,1814,77985
"2004-04-30",1757,1795,1724,1738,33668
"2004-05-03",1710,1767,1662,1671,82609
"2004-05-04",1681,1705,1653,1676,79585
"2004-05-06",1677,1700,1639,1643,42955
"2004-05-07",1544,1629,1544,1619,38645
"2004-05-10",1534,1662,1434,1581,36997
"2004-05-11",1529,1586,1472,1519,55370
"2004-05-12",1510,1586,1506,1519,26501
"2004-05-13",1496,1567,1487,1553,43278
"2004-05-14",1582,1601,1472,1586,44315
"2004-05-17",1586,1586,1434,1543,29690
"2004-05-18",1434,1539,1425,1519,62637
"2004-05-19",1520,1539,1487,1505,45569
"2004-05-20",1510,1529,1468,1486,54106
"2004-05-21",1482,1510,1453,1453,30834
"2004-05-24",1458,1539,1458,1519,29841
"2004-05-25",1520,1615,1458,1510,206965
"2004-05-27",1525,1558,1491,1557,58526
"2004-05-28",1529,1591,1529,1591,55925
"2004-05-31",1506,1605,1506,1595,46217
"2004-06-01",1596,1710,1558,1643,190152
"2004-06-02",1648,1672,1624,1667,49527
"2004-06-03",1700,1710,1643,1686,58519
"2004-06-04",1662,1705,1615,1690,23434
"2004-06-07",1662,1700,1634,1633,15508
"2004-06-08",1596,1648,1596,1648,8218
"2004-06-09",1586,1658,1586,1643,14098
"2004-06-10",1586,1643,1586,1629,5570
"2004-06-11",1643,1643,1506,1605,29084
"2004-06-14",1615,1615,1425,1424,50166
"2004-06-15",1425,1472,1311,1339,39107
"2004-06-16",1273,1415,1273,1377,34592
"2004-06-17",1339,1392,1339,1377,9185
"2004-06-18",1358,1472,1216,1424,71361
"2004-06-21",1425,1463,1330,1334,28108
"2004-06-22",1301,1415,1287,1329,12617
"2004-06-23",1292,1387,1292,1306,23801
"2004-06-24",1330,1373,1311,1367,8803
"2004-06-25",1425,1425,1335,1367,4360
"2004-06-28",1406,1406,1320,1320,9115
"2004-06-29",1301,1373,1301,1320,13401
"2004-06-30",1301,1463,1301,1386,20412
"2004-07-01",1453,1453,1335,1424,25616
"2004-07-02",1406,1425,1354,1358,8213
"2004-07-05",1401,1401,1349,1367,12842
"2004-07-06",1415,1415,1358,1410,503
"2004-07-07",1392,1392,1344,1391,5235
"2004-07-08",1368,1392,1292,1363,10364
"2004-07-09",1330,1377,1330,1358,3671
"2004-07-12",1358,1411,1306,1306,6649
"2004-07-13",1297,1358,1297,1320,2934
"2004-07-14",1320,1373,1301,1301,6535
"2004-07-15",1297,1297,1225,1249,23005
"2004-07-16",1263,1330,1235,1320,10151
"2004-07-19",1311,1377,1297,1358,3005
"2004-07-20",1377,1425,1287,1424,33588
"2004-07-21",1425,1468,1349,1434,40917
"2004-07-22",1368,1449,1339,1396,25653
"2004-07-23",1425,1425,1349,1353,13814
"2004-07-26",1401,1401,1344,1358,5457
"2004-07-27",1415,1415,1344,1358,8704
"2004-07-28",1396,1396,1320,1363,7378
"2004-07-29",1320,1363,1297,1334,14337
"2004-07-30",1368,1368,1282,1325,8392
"2004-08-02",1311,1325,1216,1301,3373
"2004-08-03",1235,1344,1235,1253,2091
"2004-08-04",1197,1311,1197,1215,3495
"2004-08-05",1206,1320,1206,1258,17828
"2004-08-06",1254,1259,1111,1177,26889
"2004-08-09",1178,1225,1178,1215,8241
"2004-08-10",1235,1235,1183,1225,12445
"2004-08-11",1240,1240,1197,1215,2493
"2004-08-12",1230,1240,1168,1234,15912
"2004-08-13",1178,1249,1178,1206,19044
"2004-08-16",1187,1259,1187,1234,14249
"2004-08-17",1254,1254,1216,1234,3452
"2004-08-18",1301,1301,1211,1220,7604
"2004-08-19",1216,1273,1216,1272,15231
"2004-08-20",1301,1301,1225,1272,385
"2004-08-23",1273,1425,1225,1424,420045
"2004-08-24",1377,1444,1354,1386,106422
"2004-08-25",1363,1377,1301,1348,21535
"2004-08-26",1316,1387,1316,1367,28012
"2004-08-27",1335,1377,1330,1339,14304
"2004-08-30",1325,1368,1320,1329,3049
"2004-08-31",1330,1330,1292,1320,14084
"2004-09-01",1368,1377,1311,1377,30636
"2004-09-02",1377,1377,1311,1348,19255
"2004-09-03",1297,1406,1297,1391,25097
"2004-09-06",1363,1425,1363,1396,13116
"2004-09-07",1368,1439,1368,1434,22232
"2004-09-08",1425,1453,1387,1424,7491
"2004-09-09",1425,1520,1425,1424,15105
"2004-09-10",1406,1463,1396,1396,14343
"2004-09-13",1377,1463,1368,1377,20603
"2004-09-14",1377,1539,1377,1510,294518
"2004-09-15",1567,1567,1453,1462,73583
"2004-09-16",1458,1506,1444,1458,33066
"2004-09-17",1458,1477,1444,1472,34006
"2004-09-20",1453,1496,1434,1439,35544
"2004-09-21",1434,1453,1415,1415,17539
"2004-09-22",1415,1415,1320,1339,29080
"2004-09-23",1320,1358,1282,1320,19876
"2004-09-24",1392,1392,1330,1372,8366
"2004-09-30",1377,1387,1316,1329,22231
"2004-10-01",1368,1368,1330,1329,6773
"2004-10-04",1358,1406,1330,1334,9345
"2004-10-05",1335,1420,1335,1391,20334
"2004-10-06",1358,1411,1354,1396,8547
"2004-10-07",1368,1411,1358,1382,7630
"2004-10-08",1363,1382,1311,1325,16741
"2004-10-11",1311,1425,1311,1424,41652
"2004-10-12",1439,1439,1373,1372,16262
"2004-10-13",1354,1444,1354,1443,27481
"2004-10-14",1368,1558,1368,1405,39136
"2004-10-15",1368,1420,1368,1410,6249
"2004-10-18",1349,1415,1349,1363,20080
"2004-10-19",1373,1411,1373,1382,4870
"2004-10-20",1382,1392,1335,1367,11362
"2004-10-21",1330,1449,1330,1429,27724
"2004-10-22",1368,1434,1363,1372,10011
"2004-10-25",1377,1425,1330,1405,24156
"2004-10-26",1349,1420,1339,1363,48590
"2004-10-27",1392,1392,1316,1344,14147
"2004-10-28",1344,1368,1339,1353,3184
"2004-10-29",1330,1363,1301,1301,9886
"2004-11-01",1330,1330,1282,1320,4709
"2004-11-02",1320,1330,1301,1320,5655
"2004-11-03",1297,1339,1273,1296,16152
"2004-11-04",1330,1339,1292,1325,9448
"2004-11-05",1306,1330,1273,1272,28829
"2004-11-08",1287,1311,1282,1282,17745
"2004-11-09",1292,1349,1263,1320,29627
"2004-11-10",1301,1358,1301,1315,11835
"2004-11-11",1316,1377,1316,1377,30286
"2004-11-12",1344,1387,1335,1358,43051
"2004-11-15",1368,1377,1330,1339,16238
"2004-11-16",1363,1363,1316,1315,5467
"2004-11-17",1316,1354,1316,1344,3105
"2004-11-18",1320,1363,1282,1329,19795
"2004-11-19",1297,1330,1297,1301,6051
"2004-11-22",1330,1330,1278,1310,10562
"2004-11-23",1278,1330,1278,1325,4419
"2004-11-24",1330,1330,1282,1325,8811
"2004-11-25",1287,1320,1287,1315,4016
"2004-11-26",1311,1311,1278,1282,3023
"2004-11-29",1273,1301,1268,1296,3358
"2004-11-30",1273,1292,1273,1272,16709
"2004-12-01",1263,1292,1263,1282,19010
"2004-12-02",1273,1301,1263,1301,10212
"2004-12-03",1278,1311,1268,1272,13097
"2004-12-06",1282,1320,1282,1320,11469
"2004-12-07",1320,1330,1282,1301,7030
"2004-12-08",1292,1330,1273,1282,46299
"2004-12-09",1282,1306,1278,1301,8428
"2004-12-10",1282,1301,1273,1272,7257
"2004-12-13",1263,1358,1263,1301,85826
"2004-12-14",1301,1320,1287,1301,7921
"2004-12-15",1292,1382,1282,1358,44819
"2004-12-16",1358,1368,1330,1334,12729
"2004-12-17",1339,1373,1330,1367,29048
"2004-12-20",1349,1529,1349,1529,267104
"2004-12-21",1601,1601,1444,1510,281581
"2004-12-22",1510,1558,1344,1391,138704
"2004-12-23",1382,1439,1344,1353,39167
"2004-12-24",1373,1382,1306,1306,32691
"2004-12-27",1282,1330,1273,1301,52915
"2004-12-28",1311,1325,1282,1287,14387
"2004-12-29",1282,1330,1282,1329,10459
"2004-12-30",1330,1368,1306,1329,47043
"2005-01-03",1325,1344,1273,1329,49448
"2005-01-04",1339,1339,1292,1325,33399
"2005-01-05",1306,1354,1306,1353,13067
"2005-01-06",1354,1392,1335,1382,34882
"2005-01-07",1358,1387,1339,1344,28608
"2005-01-10",1358,1373,1330,1363,25334
"2005-01-11",1368,1382,1344,1344,21124
"2005-01-12",1349,1368,1330,1353,32019
"2005-01-13",1339,1354,1330,1348,42114
"2005-01-14",1344,1510,1339,1505,152668
"2005-01-17",1548,1634,1487,1562,180031
"2005-01-18",1563,1605,1501,1534,92150
"2005-01-19",1577,1715,1577,1714,204633
"2005-01-20",1767,1890,1696,1804,409921
"2005-01-21",1805,1852,1667,1847,186587
"2005-01-24",1862,1947,1781,1842,359888
"2005-01-25",1824,1824,1624,1624,180600
"2005-01-26",1577,1615,1468,1477,128756
"2005-01-27",1444,1491,1415,1458,116776
"2005-01-28",1434,1501,1434,1472,81045
"2005-01-31",1506,1634,1482,1624,172126
"2005-02-01",1586,1624,1558,1586,67417
"2005-02-02",1586,1629,1510,1567,82670
"2005-02-03",1753,1753,1753,1752,283015
"2005-02-04",1962,1962,1757,1823,1628858
"2005-02-07",1905,2042,1824,2042,1341402
"2005-02-11",2109,2256,2004,2199,1129577
"2005-02-14",2137,2299,2047,2165,911623
"2005-02-15",2137,2185,2057,2085,515314
"2005-02-16",2076,2114,1890,1918,513720
"2005-02-17",1928,2042,1924,1933,466888
"2005-02-18",1947,1976,1857,1923,320272
"2005-02-21",1909,1909,1800,1871,385801
"2005-02-22",1838,1957,1838,1847,376366
"2005-02-23",1814,1871,1810,1866,174080
"2005-02-24",1881,1966,1867,1866,362693
"2005-02-25",1876,1890,1643,1643,517005
"2005-02-28",1634,1686,1596,1605,190007
"2005-03-02",1601,1648,1577,1624,152033
"2005-03-03",1624,1719,1624,1695,127238
"2005-03-04",1743,1743,1662,1662,93967
"2005-03-07",1705,1705,1615,1671,104231
"2005-03-08",1658,1724,1558,1605,166122
"2005-03-09",1563,1634,1548,1572,119525
"2005-03-10",1563,1605,1553,1576,50811
"2005-03-11",1567,1686,1567,1648,137867
"2005-03-14",1629,1681,1629,1648,56650
"2005-03-15",1653,1672,1567,1576,94409
"2005-03-16",1577,1639,1563,1614,52303
"2005-03-17",1615,1696,1567,1662,128788
"2005-03-18",1662,1681,1596,1614,121243
"2005-03-21",1586,1615,1544,1548,97014
"2005-03-22",1534,1572,1501,1524,84906
"2005-03-23",1510,1548,1506,1543,26982
"2005-03-24",1525,1653,1525,1572,116288
"2005-03-25",1572,1601,1553,1581,44879
"2005-03-28",1615,1672,1582,1614,121687
"2005-03-29",1639,1639,1582,1591,68800
"2005-03-30",1567,1629,1567,1614,99369
"2005-03-31",1624,1639,1601,1619,28192
"2005-04-01",1634,1677,1615,1643,100072
"2005-04-04",1624,1672,1615,1633,147763
"2005-04-06",1634,1734,1615,1681,127576
"2005-04-07",1681,1696,1643,1667,76007
"2005-04-08",1648,1681,1634,1652,81888
"2005-04-11",1653,1724,1653,1671,80742
"2005-04-12",1672,1700,1615,1643,57498
"2005-04-13",1643,1643,1567,1567,87097
"2005-04-14",1582,1582,1529,1534,55159
"2005-04-15",1525,1544,1520,1534,13968
"2005-04-18",1482,1544,1434,1453,89170
"2005-04-19",1453,1491,1453,1481,48053
"2005-04-20",1477,1548,1477,1519,20149
"2005-04-21",1525,1525,1444,1500,17439
"2005-04-22",1586,1586,1477,1481,25695
"2005-04-25",1463,1515,1463,1481,34017
"2005-04-26",1491,1520,1453,1467,25838
"2005-04-27",1487,1487,1430,1462,37982
"2005-04-28",1439,1468,1420,1439,32722
"2005-04-29",1415,1444,1358,1367,27167
"2005-05-02",1358,1373,1335,1358,38672
"2005-05-03",1349,1401,1344,1363,91834
"2005-05-04",1349,1349,1316,1320,68312
"2005-05-06",1316,1401,1311,1377,41184
"2005-05-09",1358,1396,1358,1363,20870
"2005-05-10",1363,1387,1330,1367,14462
"2005-05-11",1368,1401,1358,1396,27347
"2005-05-12",1377,1406,1335,1348,9461
"2005-05-13",1349,1363,1335,1348,10595
"2005-05-16",1335,1377,1335,1367,59723
"2005-05-17",1363,1396,1354,1391,26940
"2005-05-18",1396,1406,1373,1391,33253
"2005-05-19",1415,1425,1401,1420,42896
"2005-05-20",1401,1453,1396,1396,49460
"2005-05-23",1387,1415,1377,1405,37570
"2005-05-24",1396,1411,1368,1367,20311
"2005-05-25",1354,1382,1335,1363,40036
"2005-05-26",1349,1387,1349,1348,24238
"2005-05-27",1368,1406,1354,1405,66661
"2005-05-30",1387,1586,1387,1515,156193
"2005-05-31",1515,1515,1472,1500,41787
"2005-06-01",1468,1520,1458,1491,45908
"2005-06-02",1482,1520,1472,1510,35057
"2005-06-03",1548,1553,1491,1553,37598
"2005-06-07",1558,1563,1501,1538,41935
"2005-06-08",1515,1539,1501,1519,36256
"2005-06-09",1553,1553,1506,1505,45469
"2005-06-10",1510,1553,1487,1529,56031
"2005-06-13",1529,1567,1529,1557,55036
"2005-06-14",1548,1767,1548,1671,394460
"2005-06-15",1691,1719,1643,1709,151497
"2005-06-16",1710,1738,1643,1671,85046
"2005-06-17",1653,1700,1629,1652,75024
"2005-06-20",1624,1648,1610,1648,85973
"2005-06-21",1648,1672,1601,1600,55503
"2005-06-22",1582,1634,1572,1614,26314
"2005-06-23",1591,1615,1591,1610,30302
"2005-06-24",1610,1681,1605,1619,68482
"2005-06-27",1620,1729,1615,1709,123431
"2005-06-28",1691,1753,1662,1709,98249
"2005-06-29",1710,1757,1672,1686,93004
"2005-06-30",1672,1734,1667,1733,68636
"2005-07-01",1719,1781,1691,1733,77574
"2005-07-04",1795,1795,1734,1738,111209
"2005-07-05",1729,1748,1653,1690,86989
"2005-07-06",1681,1710,1605,1614,129754
"2005-07-07",1605,1643,1591,1624,41132
"2005-07-08",1624,1643,1610,1614,37167
"2005-07-11",1601,1653,1601,1624,84677
"2005-07-12",1648,1648,1601,1605,51437
"2005-07-13",1605,1648,1605,1624,65678
"2005-07-14",1615,1634,1601,1614,50243
"2005-07-15",1620,1639,1610,1633,40283
"2005-07-18",1653,1653,1572,1624,59289
"2005-07-19",1601,1648,1577,1614,53372
"2005-07-20",1648,1662,1596,1614,68207
"2005-07-21",1620,1624,1591,1600,85093
"2005-07-22",1601,1610,1567,1586,84471
"2005-07-25",1567,1615,1567,1581,40653
"2005-07-26",1567,1591,1563,1567,44851
"2005-07-27",1567,1586,1558,1586,56073
"2005-07-28",1596,1643,1572,1600,75976
"2005-07-29",1596,1615,1558,1562,131766
"2005-08-01",1567,1567,1520,1529,84363
"2005-08-02",1510,1563,1510,1538,25265
"2005-08-03",1520,1553,1491,1515,53126
"2005-08-04",1515,1515,1425,1439,115966
"2005-08-05",1396,1425,1325,1348,153244
"2005-08-08",1292,1363,1292,1339,54344
"2005-08-09",1339,1358,1320,1348,44348
"2005-08-10",1335,1368,1335,1348,40310
"2005-08-11",1358,1415,1335,1377,60407
"2005-08-12",1387,1434,1373,1434,63138
"2005-08-16",1425,1434,1377,1391,61710
"2005-08-17",1373,1425,1349,1377,58915
"2005-08-18",1377,1444,1368,1434,70363
"2005-08-19",1425,1643,1406,1591,120009
"2005-08-22",1582,1615,1520,1591,108337
"2005-08-23",1567,1596,1520,1567,83206
"2005-08-24",1539,1567,1501,1534,57389
"2005-08-25",1539,1610,1529,1557,79322
"2005-08-26",1563,1648,1558,1591,81941
"2005-08-29",1563,1615,1520,1529,53277
"2005-08-30",1525,1577,1525,1572,45506
"2005-08-31",1548,1686,1548,1667,122263
"2005-09-01",1681,1705,1629,1681,132547
"2005-09-02",1738,1738,1653,1724,125825
"2005-09-05",1729,1852,1700,1852,177552
"2005-09-06",1895,1995,1852,1852,169681
"2005-09-07",1843,1890,1791,1819,43383
"2005-09-08",1829,1862,1795,1842,59192
"2005-09-09",1843,1857,1810,1833,51097
"2005-09-12",1843,1871,1819,1857,40726
"2005-09-13",1838,1852,1767,1766,48647
"2005-09-14",1762,1762,1672,1695,57585
"2005-09-15",1681,1757,1681,1728,45738
"2005-09-16",1691,1696,1615,1652,62683
"2005-09-20",1653,1700,1653,1681,64291
"2005-09-21",1653,1748,1653,1733,24551
"2005-09-22",1729,1738,1700,1728,16154
"2005-09-23",1738,1786,1719,1747,47364
"2005-09-26",1729,1810,1729,1766,67744
"2005-09-27",1757,1867,1757,1842,137769
"2005-09-28",1867,1867,1805,1804,39402
"2005-09-29",1805,1824,1786,1809,20537
"2005-09-30",1810,1814,1791,1804,40282
"2005-10-04",1791,1829,1781,1781,28074
"2005-10-05",1753,1795,1734,1762,34588
"2005-10-06",1734,1795,1734,1785,29446
"2005-10-07",1757,1824,1757,1814,62919
"2005-10-10",1810,1833,1786,1819,50350
"2005-10-11",1819,1833,1781,1814,66418
"2005-10-12",1791,1819,1776,1776,48173
"2005-10-13",1762,1795,1734,1743,54659
"2005-10-14",1767,1795,1748,1757,36046
"2005-10-17",1757,1786,1710,1724,83181
"2005-10-18",1705,1753,1705,1714,45301
"2005-10-19",1710,1738,1658,1709,64682
"2005-10-20",1734,1738,1700,1728,30385
"2005-10-21",1710,1738,1662,1738,23087
"2005-10-24",1719,1838,1719,1828,100805
"2005-10-25",1805,2023,1805,2023,170985
"2005-10-26",1976,2076,1900,1975,101839
"2005-10-27",2004,2270,1995,2270,668553
"2005-10-28",2270,2289,2137,2199,160433
"2005-10-31",2223,2327,2090,2218,201564
"2005-11-01",2166,2470,2166,2408,302927
"2005-11-02",2375,2441,2280,2379,185416
"2005-11-03",2413,2432,2327,2374,72160
"2005-11-04",2365,2384,2242,2241,162854
"2005-11-07",2156,2247,2118,2241,114778
"2005-11-08",2242,2256,2152,2180,94760
"2005-11-09",2166,2346,2166,2222,83111
"2005-11-10",2218,2337,2218,2313,128124
"2005-11-11",2517,2660,2517,2659,237545
"2005-11-14",3059,3059,3059,3058,147122
"2005-11-15",3106,3410,2973,3410,2277598
"2005-11-16",3325,3348,3097,3163,932194
"2005-11-17",3068,3291,2954,3163,1074275
"2005-11-18",3177,3405,2788,2802,1779328
"2005-11-21",2869,3220,2836,3220,873188
"2005-11-22",3230,3557,3082,3167,1353404
"2005-11-23",3120,3562,3078,3514,1162678
"2005-11-24",3534,3880,3386,3652,773249
"2005-11-25",3676,3842,3515,3590,550258
"2005-11-28",3595,3705,3439,3566,373296
"2005-11-29",3420,3420,3035,3035,1555490
"2005-11-30",3135,3295,2800,3185,1064381
"2005-12-01",3185,3315,3150,3235,515565
"2005-12-02",3240,3275,3060,3175,330000
"2005-12-05",3160,3650,3160,3650,544126
"2005-12-06",4195,4195,4050,4195,212800
"2005-12-07",4820,4820,4820,4820,179577
"2005-12-08",5540,5540,5540,5540,117431
"2005-12-09",6370,6370,6370,6370,83029
"2005-12-12",7320,7320,7320,7320,125807
"2005-12-13",7780,8410,7240,8410,4515396
"2005-12-14",8480,8480,7200,7500,2709784
"2005-12-15",7420,8120,7300,7670,1540229
"2005-12-16",7350,7570,6520,7570,1704120
"2005-12-19",7370,8410,7300,7610,3897849
"2005-12-20",7450,7550,7010,7310,1636079
"2005-12-21",7000,7100,6220,6220,2260020
"2005-12-22",6000,6000,5290,5290,2707508
"2005-12-23",4885,5250,4500,4870,4366881
"2005-12-26",4960,5590,4905,5090,4261530
"2005-12-27",5000,5180,4330,4330,2978488
"2005-12-28",4260,4975,4120,4975,3522764
"2005-12-29",5470,5470,4330,4610,5308767
"2006-01-02",4700,5110,4455,5000,3282619
"2006-01-03",5010,5750,4750,5750,7458649
"2006-01-04",5520,6410,5450,5500,9255070
"2006-01-05",5600,5870,5300,5550,3151370
"2006-01-06",5710,5970,5570,5650,3080486
"2006-01-09",5570,5570,4810,4855,2435359
"2006-01-10",4800,5200,4660,4840,2030634
"2006-01-11",4745,5040,4710,4710,1351051
"2006-01-12",4650,5200,4535,4900,3048494
"2006-01-13",4650,4985,4650,4680,2182133
"2006-01-16",4680,5080,4550,4805,3841069
"2006-01-17",4870,4975,4460,4590,2506379
"2006-01-18",4570,4665,3915,4150,1572362
"2006-01-19",4100,4270,3930,4000,1192901
"2006-01-20",3935,4115,3400,3400,1357790
"2006-01-23",3165,3300,2890,2890,1004212
"2006-01-24",2950,3120,2515,2960,1001899
"2006-01-25",3000,3400,3000,3395,2737560
"2006-01-26",3360,3650,3215,3520,2092283
"2006-01-27",3650,3750,3520,3570,1339500
"2006-01-31",3600,3710,3490,3710,775617
"2006-02-01",3720,4240,3600,3795,4408288
"2006-02-02",3915,4025,3580,3665,1931132
"2006-02-03",3490,3560,3210,3235,1161245
"2006-02-06",3075,3280,3050,3200,881362
"2006-02-07",3255,3680,3255,3680,1084458
"2006-02-08",3910,4045,3610,3650,3128024
"2006-02-09",3790,4150,3665,3995,3494205
"2006-02-10",4030,4185,3910,4100,3326666
"2006-02-13",3890,3940,3500,3510,2656652
"2006-02-14",3420,3730,3315,3590,1200250
"2006-02-15",3650,3730,3250,3250,1017602
"2006-02-16",3260,3560,3260,3350,1336413
"2006-02-17",3370,3700,3365,3640,2376494
"2006-02-20",3700,3800,3555,3665,1454324
"2006-02-21",3730,4165,3650,3930,4038111
"2006-02-22",3850,3900,3670,3810,1304241
"2006-02-23",3900,4150,3790,3890,2185379
"2006-02-24",3820,4020,3775,4000,1507471
"2006-02-27",4050,4120,3950,4080,1234421
"2006-02-28",4190,4450,4050,4065,3376246
"2006-03-02",4070,4130,3830,3830,1191226
"2006-03-03",3740,3840,3580,3610,847075
"2006-03-06",3590,3820,3580,3815,885183
"2006-03-07",3790,3870,3605,3660,1003945
"2006-03-08",3780,4000,3690,3745,1570990
"2006-03-09",3770,4015,3675,4015,1255021
"2006-03-10",3945,4230,3865,4065,2039381
"2006-03-13",4070,4240,4070,4090,1241700
"2006-03-14",4070,4340,4050,4170,2956344
"2006-03-15",4215,4225,3845,3895,1347570
"2006-03-16",3900,3925,3585,3640,1069537
"2006-03-17",3520,3700,3520,3700,709210
"2006-03-20",3650,3770,3650,3665,568869
"2006-03-21",3665,3950,3660,3785,1262149
"2006-03-22",3840,3845,3615,3715,568734
"2006-03-23",3735,3820,3565,3600,706615
"2006-03-24",3525,3665,3350,3460,624311
"2006-03-27",3420,3480,3300,3325,560812
"2006-03-28",3320,3445,3205,3230,481814
"2006-03-29",3220,3315,3125,3230,433952
"2006-03-30",3310,3415,3250,3370,488834
"2006-03-31",3400,3465,3380,3430,347505
"2006-04-03",3410,3555,3410,3450,394496
"2006-04-04",3470,3535,3395,3450,425359
"2006-04-05",3545,3550,3430,3465,404041
"2006-04-06",3430,3495,3345,3345,445986
"2006-04-07",3315,3345,3260,3300,391156
"2006-04-10",3230,3380,3230,3325,239350
"2006-04-11",3330,3370,3260,3285,288582
"2006-04-12",3250,3335,3250,3310,218018
"2006-04-13",3340,3805,3320,3585,3392915
"2006-04-14",3650,3650,3520,3575,586974
"2006-04-17",3610,3725,3535,3535,664080
"2006-04-18",3490,3690,3455,3665,812419
"2006-04-19",3735,3760,3500,3580,671384
"2006-04-20",3580,3625,3370,3380,519395
"2006-04-21",3385,3570,3385,3470,461385
"2006-04-24",3530,3620,3475,3525,528866
"2006-04-25",3485,3600,3395,3395,790933
"2006-04-26",3395,3490,3300,3320,376927
"2006-04-27",3315,3540,3300,3420,554886
"2006-04-28",3380,3870,3380,3690,2211427
"2006-05-02",3710,4240,3680,4240,3530855
"2006-05-03",4485,4875,4050,4245,6971533
"2006-05-04",4200,4660,3955,4395,7135832
"2006-05-08",4280,4625,3850,3850,4336259
"2006-05-09",3800,3955,3390,3510,1976067
"2006-05-10",3560,3840,3550,3710,2179472
"2006-05-11",3800,4100,3750,3870,2377843
"2006-05-12",3915,3995,3400,3555,2887933
"2006-05-15",3565,3900,3420,3885,3268944
"2006-05-16",3970,4100,3570,3700,2591510
"2006-05-17",3720,3825,3440,3580,1979256
"2006-05-18",3350,3500,3310,3340,1291098
"2006-05-19",3220,3400,3200,3330,800356
"2006-05-22",3350,3435,3200,3205,869136
"2006-05-23",3205,3425,3200,3225,994515
"2006-05-24",3255,3300,3105,3160,763704
"2006-05-25",3200,3255,2960,2970,498345
"2006-05-26",3070,3110,3000,3045,403471
"2006-05-29",3180,3200,3050,3065,507926
"2006-05-30",3110,3125,2970,2985,307885
"2006-06-01",2960,3010,2750,2760,339284
"2006-06-02",2820,2850,2510,2665,294147
"2006-06-05",2705,2790,2600,2650,226146
"2006-06-07",2570,2600,2390,2405,286315
"2006-06-08",2410,2700,2410,2585,801823
"2006-06-09",2650,2780,2625,2760,443041
"2006-06-12",2700,2875,2650,2810,320193
"2006-06-13",2795,3020,2705,2900,1133829
"2006-06-14",2900,3335,2850,3335,3143945
"2006-06-15",3500,3725,3250,3250,2851659
"2006-06-16",3330,3570,3215,3300,1692060
"2006-06-19",3360,3690,3155,3335,2735934
"2006-06-20",3400,3400,2995,3070,933864
"2006-06-21",3080,3430,3000,3235,1991012
"2006-06-22",3290,3430,3090,3100,1263907
"2006-06-23",3095,3280,3040,3100,842066
"2006-06-26",3115,3250,3080,3190,756642
"2006-06-27",3230,3250,3105,3250,713012
"2006-06-28",3180,3400,3110,3360,1309119
"2006-06-29",3410,3455,3250,3340,788204
"2006-06-30",3415,3430,3315,3315,764688
"2006-07-03",3330,3385,3240,3375,618287
"2006-07-04",3415,3595,3325,3340,2195913
"2006-07-05",3235,3360,3160,3170,673529
"2006-07-06",3170,3255,3005,3040,642660
"2006-07-07",3065,3130,3035,3040,391236
"2006-07-10",3060,3495,3025,3495,2776666
"2006-07-11",3595,3700,3455,3500,3376674
"2006-07-12",3500,3535,3330,3445,1585439
"2006-07-13",3450,3680,3390,3485,3610872
"2006-07-14",3405,3430,3215,3250,1128390
"2006-07-18",3280,3310,3030,3030,994608
"2006-07-19",3090,3150,2995,3005,789521
"2006-07-20",3100,3140,3070,3115,527251
"2006-07-21",3060,3105,3040,3105,375056
"2006-07-24",3150,3150,3075,3095,507180
"2006-07-25",3130,3185,3100,3140,520224
"2006-07-26",2980,3030,2890,2915,813532
"2006-07-27",2950,2950,2815,2820,580124
"2006-07-28",2820,2880,2800,2850,362458
"2006-07-31",2880,2895,2795,2820,291786
"2006-08-01",2845,2845,2730,2730,292107
"2006-08-02",2740,3100,2680,2930,744988
"2006-08-03",2950,2970,2845,2900,258273
"2006-08-04",2960,3080,2900,2915,701842
"2006-08-07",2915,3025,2890,2890,318528
"2006-08-08",2890,2895,2825,2865,208314
"2006-08-09",2865,2930,2855,2915,246571
"2006-08-10",2910,2965,2835,2920,297864
"2006-08-11",2930,3100,2920,2960,551455
"2006-08-14",2980,3060,2930,2970,349421
"2006-08-16",3015,3110,2955,3110,959672
"2006-08-17",3140,3180,3010,3010,908016
"2006-08-18",3050,3050,2780,2780,530644
"2006-08-21",2850,2955,2830,2900,453122
"2006-08-22",2855,2915,2840,2880,287760
"2006-08-23",2885,3010,2880,2900,395351
"2006-08-24",2945,3185,2925,3005,1261018
"2006-08-25",3030,3045,2915,2960,487914
"2006-08-28",3020,3020,2880,2885,402336
"2006-08-29",2920,3105,2900,2960,1697933
"2006-08-30",2985,3000,2880,2900,469418
"2006-08-31",2915,2935,2880,2895,331988
"2006-09-01",2875,2930,2875,2895,280146
"2006-09-04",2910,3000,2905,2980,405809
"2006-09-05",3020,3020,2945,2960,382924
"2006-09-06",2990,3095,2960,2990,765938
"2006-09-07",2980,3140,2970,3035,809578
"2006-09-08",3040,3055,2990,3035,422125
"2006-09-11",3020,3110,2995,3000,648518
"2006-09-12",3015,3040,2920,2930,510210
"2006-09-13",2975,2995,2915,2925,210707
"2006-09-14",2925,2980,2925,2950,200873
"2006-09-15",2955,3035,2955,3000,277783
"2006-09-18",3005,3090,2980,3040,621218
"2006-09-19",3050,3140,3000,3080,762377
"2006-09-20",3100,3120,3010,3040,486204
"2006-09-21",3075,3090,3020,3070,493067
"2006-09-22",3055,3060,2920,2940,459673
"2006-09-25",2935,2940,2850,2900,412564
"2006-09-26",2950,2980,2900,2900,363321
"2006-09-27",3085,3335,3085,3335,2491559
"2006-09-28",3490,3605,3150,3190,2589781
"2006-09-29",3220,3225,3010,3045,1023872
"2006-10-02",3010,3045,2890,2910,842285
"2006-10-04",2870,2930,2780,2810,641300
"2006-10-09",2815,2855,2390,2400,956410
"2006-10-10",2400,2590,2400,2540,502094
"2006-10-11",2490,2610,2465,2590,333639
"2006-10-12",2650,2690,2605,2680,271155
"2006-10-13",2710,3055,2705,2835,1612667
"2006-10-16",2900,2975,2815,2835,676985
"2006-10-17",2835,2850,2680,2730,475429
"2006-10-18",2715,2750,2640,2745,205342
"2006-10-19",2735,2860,2725,2730,447793
"2006-10-20",2735,2775,2725,2750,240957
"2006-10-23",2775,2825,2700,2705,345428
"2006-10-24",2730,2755,2705,2705,261222
"2006-10-25",2700,2760,2690,2740,299151
"2006-10-26",2740,2740,2690,2700,200949
"2006-10-27",2690,2690,2550,2610,440946
"2006-10-30",2635,2645,2560,2570,193417
"2006-10-31",2570,2650,2570,2640,275706
"2006-11-01",2650,2840,2605,2740,736326
"2006-11-02",2740,2780,2675,2740,325212
"2006-11-03",2750,2750,2690,2690,187835
"2006-11-06",2690,2780,2615,2700,306120
"2006-11-07",2720,2765,2685,2710,171384
"2006-11-08",2990,3115,2840,2855,3632783
"2006-11-09",2835,2885,2770,2795,726734
"2006-11-10",2850,3025,2810,2975,1499534
"2006-11-13",3020,3035,2900,3000,599953
"2006-11-14",3070,3090,2945,2980,650367
"2006-11-15",2980,3000,2855,2900,533636
"2006-11-16",2865,2940,2865,2910,350516
"2006-11-17",2920,3230,2885,3015,1599419
"2006-11-20",3030,3100,2900,2910,593042
"2006-11-21",2910,2980,2880,2895,357512
"2006-11-22",2890,3110,2890,3025,692665
"2006-11-23",3040,3070,2950,3040,424851
"2006-11-24",2960,2970,2870,2900,673762
"2006-11-27",2900,2950,2865,2945,299977
"2006-11-28",2900,2950,2895,2915,298434
"2006-11-29",2960,3285,2960,3085,3255677
"2006-11-30",3110,3130,2970,3025,684174
"2006-12-01",3060,3060,2925,2950,589519
"2006-12-04",2930,3050,2930,3050,649437
"2006-12-05",3055,3070,2955,2955,508456
"2006-12-06",2955,2995,2910,2940,404177
"2006-12-07",2910,2960,2910,2920,243786
"2006-12-08",2915,2935,2870,2885,254439
"2006-12-11",2870,2920,2870,2905,162783
"2006-12-12",2885,2940,2705,2755,305091
"2006-12-13",2710,2845,2700,2780,216365
"2006-12-14",2755,2860,2755,2830,140088
"2006-12-15",2850,2890,2805,2820,166027
"2006-12-18",2810,2910,2810,2865,137915
"2006-12-19",2865,2935,2865,2920,167092
"2006-12-20",2930,2960,2860,2880,143903
"2006-12-21",2880,2880,2780,2810,160939
"2006-12-22",2810,2875,2775,2785,142082
"2006-12-26",2790,2800,2690,2700,178879
"2006-12-27",2720,2740,2675,2675,126201
"2006-12-28",2690,2795,2690,2780,120351
"2007-01-02",2760,2800,2745,2780,129048
"2007-01-03",2810,2815,2700,2735,145075
"2007-01-04",2735,2750,2650,2695,198243
"2007-01-05",2685,2940,2675,2760,842680
"2007-01-08",2780,2780,2650,2710,209362
"2007-01-09",2710,2750,2675,2730,212660
"2007-01-10",2730,2730,2645,2645,174260
"2007-01-11",2665,2690,2610,2615,155988
"2007-01-12",2635,2790,2605,2680,535526
"2007-01-15",2665,2715,2665,2695,173165
"2007-01-16",2680,2715,2635,2645,165061
"2007-01-17",2650,2660,2550,2610,222222
"2007-01-18",2580,2680,2580,2600,107544
"2007-01-19",2560,2990,2515,2990,2760649
"2007-01-22",2990,3015,2545,2550,3006210
"2007-01-23",2535,2610,2420,2480,717173
"2007-01-24",2480,2565,2455,2455,342988
"2007-01-25",2480,2540,2480,2495,356651
"2007-01-26",2495,2635,2445,2535,421332
"2007-01-29",2525,2615,2495,2495,341068
"2007-01-30",2495,2565,2485,2550,196054
"2007-01-31",2550,2560,2485,2485,214638
"2007-02-01",2495,2535,2485,2490,124055
"2007-02-02",2485,2575,2485,2570,217266
"2007-02-05",2470,2550,2470,2490,203888
"2007-02-06",2500,2520,2490,2520,184347
"2007-02-07",2520,2755,2510,2590,1303154
"2007-02-08",2600,2625,2515,2550,253069
"2007-02-09",2560,2590,2515,2520,265220
"2007-02-12",2510,2530,2490,2510,188993
"2007-02-13",2490,2525,2475,2485,207974
"2007-02-14",2500,2540,2485,2485,129723
"2007-02-15",2500,2525,2480,2485,232810
"2007-02-16",2495,2495,2440,2440,209060
"2007-02-20",2450,2475,2440,2450,114235
"2007-02-21",2485,2510,2440,2450,139632
"2007-02-22",2455,2480,2430,2435,142449
"2007-02-23",2435,2470,2435,2440,112386
"2007-02-26",2445,2475,2445,2475,120119
"2007-02-27",2510,2555,2465,2510,222028
"2007-02-28",2440,2440,2350,2400,288466
"2007-03-02",2400,2580,2400,2450,472653
"2007-03-05",2440,2440,2360,2390,231750
"2007-03-06",2375,2410,2375,2405,149795
"2007-03-07",2410,2435,2395,2405,108982
"2007-03-08",2400,2410,2370,2405,122217
"2007-03-09",2410,2430,2390,2405,113204
"2007-03-12",2430,2480,2405,2470,218542
"2007-03-13",2500,2595,2455,2490,458665
"2007-03-14",2500,2500,2425,2430,213813
"2007-03-15",2460,2480,2390,2390,349955
"2007-03-16",2390,2585,2350,2570,785805
"2007-03-19",2560,2760,2505,2700,624127
"2007-03-20",2695,2780,2635,2735,372815
"2007-03-21",2710,2770,2650,2700,276479
"2007-03-22",2705,2750,2645,2655,181513
"2007-03-23",2630,2850,2615,2770,285839
"2007-03-26",2760,2850,2725,2775,220957
"2007-03-27",2775,2820,2700,2765,151660
"2007-03-28",2770,2770,2690,2715,141594
"2007-03-29",2710,2750,2700,2720,145058
"2007-03-30",2740,2895,2720,2890,492734
"2007-04-02",3000,3185,2965,2990,1274352
"2007-04-03",3070,3070,2855,2925,374795
"2007-04-04",2905,3050,2905,2920,311878
"2007-04-05",2975,3190,2975,3060,885542
"2007-04-06",3100,3240,2950,3155,891120
"2007-04-09",3335,3625,3100,3250,3523928
"2007-04-10",3230,3390,3200,3310,660806
"2007-04-11",3320,3335,3155,3195,518598
"2007-04-12",3160,3450,3160,3450,1090208
"2007-04-13",3450,3510,3350,3410,453515
"2007-04-16",3450,3460,3275,3305,447959
"2007-04-17",3240,3300,3210,3260,217901
"2007-04-18",3310,3415,3280,3280,451986
"2007-04-19",3320,3355,3190,3200,236242
"2007-04-20",3160,3470,3115,3415,699161
"2007-04-23",3465,3470,3330,3350,311608
"2007-04-24",3355,3535,3335,3470,653653
"2007-04-25",3470,3505,3375,3505,508277
"2007-04-26",3550,3950,2980,3155,2407900
"2007-04-27",3245,3300,3030,3085,665449
"2007-04-30",3085,3085,2700,2700,673347
"2007-05-02",2690,3010,2690,2870,1024015
"2007-05-03",2910,2970,2840,2840,249508
"2007-05-04",2815,2870,2765,2850,263861
"2007-05-07",2860,2955,2850,2900,304223
"2007-05-08",2970,2970,2860,2880,206086
"2007-05-09",2885,2910,2760,2760,321961
"2007-05-10",2825,2825,2745,2800,195384
"2007-05-11",2800,2800,2700,2705,199124
"2007-05-14",2705,2740,2600,2615,290680
"2007-05-15",2605,2710,2605,2650,124692
"2007-05-16",2695,2695,2620,2670,102129
"2007-05-17",2670,2730,2650,2670,117928
"2007-05-18",2670,2710,2625,2670,105217
"2007-05-21",2640,2735,2635,2700,174208
"2007-05-22",2705,2765,2700,2725,196549
"2007-05-23",2725,2750,2675,2675,587674
"2007-05-25",2670,2720,2635,2645,149840
"2007-05-28",2645,2970,2500,2675,868604
"2007-05-29",2685,2770,2660,2680,186941
"2007-05-30",2700,2740,2640,2700,142095
"2007-05-31",2720,2745,2665,2670,182764
"2007-06-01",2675,2685,2585,2590,265155
"2007-06-04",2615,2690,2605,2640,220662
"2007-06-05",2645,2685,2600,2600,208501
"2007-06-07",2600,2620,2565,2600,162368
"2007-06-08",2570,2615,2570,2575,123126
"2007-06-11",2660,2660,2575,2590,204528
"2007-06-12",2595,2680,2585,2680,243284
"2007-06-13",2850,3000,2800,2805,1222023
"2007-06-14",2820,2850,2750,2815,359428
"2007-06-15",2820,2880,2795,2875,284815
"2007-06-18",2880,2950,2820,2950,582529
"2007-06-19",2940,2945,2830,2870,339766
"2007-06-20",2900,2975,2835,2850,540960
"2007-06-21",2850,2950,2840,2910,272077
"2007-06-22",2910,2950,2850,2900,293684
"2007-06-25",2900,3330,2900,3190,2118251
"2007-06-26",3220,3220,2960,3060,643766
"2007-06-27",3060,3075,2795,2830,423849
"2007-06-28",2840,2945,2830,2865,234801
"2007-06-29",2820,2910,2810,2830,234424
"2007-07-02",2845,2900,2815,2840,142152
"2007-07-03",2905,3095,2875,3060,892137
"2007-07-04",3065,3090,2960,3035,438050
"2007-07-05",3060,3080,2975,3050,313787
"2007-07-06",3050,3150,3015,3100,434631
"2007-07-09",3135,3135,2940,2940,545070
"2007-07-10",2975,3010,2900,2905,309213
"2007-07-11",2895,2920,2840,2890,244300
"2007-07-12",2900,2935,2840,2865,254010
"2007-07-13",2885,2950,2865,2940,292152
"2007-07-16",2950,2950,2850,2850,219685
"2007-07-18",2860,2880,2835,2845,171646
"2007-07-19",2840,2935,2810,2900,328910
"2007-07-20",2930,2930,2835,2860,318211
"2007-07-23",2845,2875,2830,2850,166780
"2007-07-24",2855,2865,2740,2850,203512
"2007-07-25",2845,2850,2780,2820,159605
"2007-07-26",2830,3130,2790,2905,1911820
"2007-07-27",2880,2895,2780,2815,445632
"2007-07-30",2740,2830,2740,2800,147352
"2007-07-31",2795,2925,2795,2895,274395
"2007-08-01",2945,3095,2935,2955,967480
"2007-08-02",3050,3080,2915,3000,528443
"2007-08-03",3065,3135,2980,2990,473173
"2007-08-06",2965,3165,2960,3095,721647
"2007-08-07",3120,3170,2985,2990,381496
"2007-08-08",3000,3025,2930,2930,317310
"2007-08-09",2930,3000,2910,2930,310257
"2007-08-10",2875,2970,2800,2810,333314
"2007-08-13",2820,2940,2810,2920,246162
"2007-08-14",3020,3020,2840,2900,255977
"2007-08-16",2800,2825,2515,2540,315856
"2007-08-17",2600,2600,2410,2440,333770
"2007-08-20",2470,2610,2470,2595,271239
"2007-08-21",2555,2620,2550,2590,132057
"2007-08-22",2630,2640,2570,2590,130644
"2007-08-23",2610,2725,2610,2635,281865
"2007-08-24",2650,2770,2635,2680,315678
"2007-08-27",2755,2855,2750,2760,234448
"2007-08-28",2800,2800,2690,2725,119995
"2007-08-29",2600,2680,2575,2630,148278
"2007-08-30",2680,2690,2640,2670,120841
"2007-08-31",2650,2710,2650,2680,86020
"2007-09-03",2700,2745,2670,2710,120234
"2007-09-04",2710,2780,2690,2720,101969
"2007-09-05",2775,2780,2665,2670,119324
"2007-09-06",2650,2665,2625,2650,94649
"2007-09-07",2650,2695,2605,2645,94826
"2007-09-10",2600,2600,2525,2530,130751
"2007-09-11",2550,2630,2520,2600,119897
"2007-09-12",2600,2645,2560,2560,68939
"2007-09-13",2550,2610,2520,2580,70561
"2007-09-14",2580,2630,2570,2580,92651
"2007-09-17",2580,2625,2540,2540,80940
"2007-09-18",2515,2540,2485,2485,167573
"2007-09-19",2515,2535,2485,2490,141776
"2007-09-20",2510,2860,2475,2625,765264
"2007-09-21",2650,2650,2525,2600,274275
"2007-09-27",2600,2630,2550,2595,70288
"2007-09-28",2600,2620,2550,2550,112195
"2007-10-01",2530,2565,2500,2540,138237
"2007-10-02",2550,2590,2520,2530,105505
"2007-10-04",2535,2575,2530,2555,94153
"2007-10-05",2590,2590,2500,2510,145981
"2007-10-08",2515,2540,2495,2495,148433
"2007-10-09",2495,2750,2495,2550,650284
"2007-10-10",2630,2700,2550,2555,323130
"2007-10-11",2550,2600,2550,2580,107508
"2007-10-12",2560,2605,2500,2520,112054
"2007-10-15",2545,2575,2500,2525,113187
"2007-10-16",2545,2545,2475,2480,192818
"2007-10-17",2460,2490,2330,2470,203534
"2007-10-18",2465,2575,2420,2540,177042
"2007-10-19",2540,2575,2480,2545,84941
"2007-10-22",2400,2550,2380,2550,156794
"2007-10-23",2575,2700,2515,2520,902071
"2007-10-24",2525,2595,2400,2400,187343
"2007-10-25",2465,2515,2395,2400,312350
"2007-10-26",2400,2470,2365,2390,97234
"2007-10-29",2440,2630,2440,2450,210858
"2007-10-30",2485,2485,2410,2440,86408
"2007-10-31",2440,2455,2400,2415,83121
"2007-11-01",2420,2475,2400,2420,152270
"2007-11-02",2410,2430,2380,2425,85868
"2007-11-05",2450,2475,2390,2415,83296
"2007-11-06",2400,2440,2395,2400,91262
"2007-11-07",2400,2445,2365,2365,89258
"2007-11-08",2365,2375,2305,2305,100693
"2007-11-09",2305,2360,2265,2275,83702
"2007-11-12",2260,2260,2125,2145,122203
"2007-11-13",2150,2210,2100,2170,111016
"2007-11-14",2185,2250,2180,2235,60805
"2007-11-15",2290,2290,2210,2230,32435
"2007-11-16",2235,2245,2200,2230,29305
"2007-11-19",2235,2270,2215,2250,50117
"2007-11-20",2300,2300,2190,2240,50185
"2007-11-21",2240,2250,2110,2140,110236
"2007-11-22",2120,2120,1995,2070,152302
"2007-11-23",2080,2145,1995,2090,141335
"2007-11-26",2025,2175,2025,2120,59807
"2007-11-27",2090,2090,2025,2055,46821
"2007-11-28",2055,2060,1990,1990,93873
"2007-11-29",2000,2025,1960,1990,63382
"2007-11-30",1960,2025,1960,1985,89157
"2007-12-03",1995,2000,1955,1960,94957
"2007-12-04",1985,1985,1935,1940,59039
"2007-12-05",1950,2005,1930,1980,73772
"2007-12-06",2035,2110,1980,2095,113172
"2007-12-07",2100,2100,2015,2015,46153
"2007-12-10",2315,2315,2235,2315,574956
"2007-12-11",2660,2660,1985,2010,10473575
"2007-12-12",2045,2110,1915,1930,1282534
"2007-12-13",1990,2170,1935,2120,2491551
"2007-12-14",2085,2260,2000,2000,3004682
"2007-12-17",2030,2060,1925,1945,412926
"2007-12-18",1915,1930,1850,1890,379917
"2007-12-20",1880,1910,1830,1840,286977
"2007-12-21",1810,1965,1715,1875,1109069
"2007-12-24",1940,1940,1825,1850,314771
"2007-12-26",1860,1860,1750,1780,213491
"2007-12-27",1730,1815,1730,1800,138996
"2007-12-28",1770,1875,1770,1835,76735
"2008-01-02",1865,1865,1775,1790,147926
"2008-01-03",1780,1820,1750,1820,164119
"2008-01-04",1830,2000,1815,1905,513984
"2008-01-07",1860,1905,1820,1840,119071
"2008-01-08",1820,1865,1790,1805,168861
"2008-01-09",1770,1820,1760,1790,99874
"2008-01-10",1795,1820,1775,1775,95349
"2008-01-11",1790,1805,1750,1770,110931
"2008-01-14",1740,1890,1735,1810,324892
"2008-01-15",1845,1875,1725,1780,188808
"2008-01-16",1760,1760,1630,1710,104447
"2008-01-17",1715,1730,1690,1700,104615
"2008-01-18",1660,1820,1660,1760,134514
"2008-01-21",1755,1770,1700,1730,80319
"2008-01-22",1680,1705,1625,1650,114640
"2008-01-23",1700,1700,1635,1650,52250
"2008-01-24",1640,1690,1640,1680,86501
"2008-01-25",1660,1770,1660,1740,134908
"2008-01-28",1730,1750,1670,1670,77926
"2008-01-29",1685,1740,1670,1690,64012
"2008-01-30",1670,1700,1635,1640,113642
"2008-01-31",1605,1640,1450,1630,48442
"2008-02-01",1630,1650,1595,1635,35475
"2008-02-04",1560,1670,1560,1615,127880
"2008-02-05",1655,1655,1560,1590,63605
"2008-02-11",1585,1620,1570,1615,36225
"2008-02-12",1620,1630,1595,1630,37816
"2008-02-13",1630,1645,1610,1625,41099
"2008-02-14",1615,1660,1615,1640,57272
"2008-02-15",1640,1650,1620,1640,30746
"2008-02-18",1640,1720,1630,1685,71304
"2008-02-19",1705,1710,1670,1690,60544
"2008-02-20",1690,1725,1650,1670,53092
"2008-02-21",1660,1705,1655,1665,44940
"2008-02-22",1660,1685,1620,1650,48349
"2008-02-25",1650,1680,1630,1645,40454
"2008-02-26",1635,1840,1610,1745,387699
"2008-02-27",1770,1820,1690,1720,182492
"2008-02-28",1745,1790,1660,1785,126041
"2008-02-29",1840,1860,1770,1800,208629
"2008-03-03",1760,1760,1695,1725,86254
"2008-03-04",1695,1755,1690,1720,90048
"2008-03-05",1700,1775,1690,1755,70141
"2008-03-06",1745,1795,1730,1750,61354
"2008-03-07",1705,1765,1700,1750,63613
"2008-03-10",1745,1765,1660,1690,76166
"2008-03-11",1660,1740,1655,1685,47556
"2008-03-12",1715,1740,1670,1680,81605
"2008-03-13",1645,1715,1550,1655,101738
"2008-03-14",1655,1675,1585,1610,56980
"2008-03-17",1600,1600,1500,1535,66671
"2008-03-18",1510,1545,1500,1500,62820
"2008-03-19",1555,1555,1485,1505,79661
"2008-03-20",1500,1660,1480,1550,189161
"2008-03-21",1545,1570,1530,1555,95260
"2008-03-24",1550,1560,1525,1555,103628
"2008-03-25",1575,1575,1530,1545,58974
"2008-03-26",1540,1570,1540,1555,35663
"2008-03-27",1555,1570,1500,1555,52433
"2008-03-28",1555,1555,1505,1530,43298
"2008-03-31",1570,1570,1505,1520,76122
"2008-04-01",1525,1540,1505,1525,60297
"2008-04-02",1540,1575,1515,1535,78205
"2008-04-03",1515,1540,1510,1515,52515
"2008-04-04",1535,1535,1510,1530,28484
"2008-04-07",1525,1755,1520,1755,2463592
"2008-04-08",1760,1760,1610,1615,1055452
"2008-04-10",1620,1635,1580,1615,220540
"2008-04-11",1600,1625,1565,1600,172339
"2008-04-14",1585,1620,1570,1580,116615
"2008-04-15",1600,1610,1570,1580,121424
"2008-04-16",1585,1685,1585,1600,298387
"2008-04-17",1630,1690,1605,1630,302052
"2008-04-18",1630,1670,1600,1655,151861
"2008-04-21",1650,1675,1630,1645,95654
"2008-04-22",1615,1640,1605,1610,120825
"2008-04-23",1605,1630,1600,1610,47668
"2008-04-24",1615,1775,1615,1690,659387
"2008-04-25",1680,1700,1640,1670,186278
"2008-04-28",1695,1900,1670,1785,1029372
"2008-04-29",1750,1890,1720,1860,460890
"2008-04-30",1850,1890,1725,1770,473359
"2008-05-02",1770,1770,1660,1700,275839
"2008-05-06",1695,1720,1650,1690,243135
"2008-05-07",1700,1705,1630,1630,180409
"2008-05-08",1620,1635,1575,1590,193457
"2008-05-09",1575,1595,1550,1565,150993
"2008-05-13",1570,1620,1565,1585,86631
"2008-05-14",1600,1600,1535,1545,145269
"2008-05-15",1555,1580,1535,1545,129681
"2008-05-16",1550,1600,1540,1570,105877
"2008-05-19",1560,1595,1560,1585,50954
"2008-05-20",1555,1605,1540,1585,146288
"2008-05-21",1575,1575,1545,1565,86137
"2008-05-22",1565,1570,1540,1565,64665
"2008-05-23",1550,1575,1530,1540,75187
"2008-05-26",1525,1540,1420,1445,155069
"2008-05-27",1450,1450,1400,1405,141899
"2008-05-28",1415,1435,1390,1390,104162
"2008-05-29",1395,1430,1380,1410,89328
"2008-05-30",1420,1510,1405,1450,265623
"2008-06-02",1450,1490,1420,1450,90678
"2008-06-03",1425,1460,1400,1440,54447
"2008-06-04",1445,1460,1420,1445,57461
"2008-06-05",1460,1460,1420,1445,55698
"2008-06-09",1410,1495,1410,1455,64065
"2008-06-10",1435,1510,1435,1490,80792
"2008-06-11",1500,1505,1460,1490,30526
"2008-06-12",1470,1490,1450,1455,29580
"2008-06-13",1440,1470,1430,1445,42242
"2008-06-16",1470,1475,1430,1450,57513
"2008-06-17",1430,1445,1410,1440,67006
"2008-06-18",1405,1450,1400,1430,55836
"2008-06-19",1405,1430,1370,1415,125914
"2008-06-20",1395,1415,1350,1370,95015
"2008-06-23",1370,1395,1350,1390,15233
"2008-06-24",1390,1410,1365,1390,13422
"2008-06-25",1390,1415,1375,1390,35181
"2008-06-26",1390,1490,1390,1420,100875
"2008-06-27",1365,1410,1365,1410,22509
"2008-06-30",1390,1415,1370,1395,25961
"2008-07-01",1425,1500,1385,1445,178669
"2008-07-02",1480,1480,1300,1340,109729
"2008-07-03",1320,1320,1200,1200,143460
"2008-07-04",1205,1230,1200,1200,56580
"2008-07-07",1200,1205,1165,1195,47194
"2008-07-08",1180,1300,1160,1200,45382
"2008-07-09",1190,1255,1160,1160,50577
"2008-07-10",1120,1200,1110,1200,81357
"2008-07-11",1180,1200,1160,1175,65797
"2008-07-14",1180,1280,1180,1190,157215
"2008-07-15",1170,1200,1150,1165,46366
"2008-07-16",1175,1190,1145,1175,29183
"2008-07-17",1185,1210,1165,1180,41189
"2008-07-18",1205,1205,1165,1185,43695
"2008-07-21",1205,1245,1185,1210,94208
"2008-07-22",1210,1270,1190,1255,133802
"2008-07-23",1265,1330,1235,1250,207288
"2008-07-24",1255,1295,1200,1260,136271
"2008-07-25",1230,1260,1215,1230,27285
"2008-07-28",1225,1275,1215,1215,57843
"2008-07-29",1215,1240,1170,1205,55078
"2008-07-30",1220,1220,1190,1200,29685
"2008-07-31",1225,1225,1185,1200,40287
"2008-08-01",1200,1210,1170,1180,17251
"2008-08-04",1200,1200,1140,1170,21960
"2008-08-05",1175,1200,1135,1135,47228
"2008-08-06",1150,1185,1140,1180,48839
"2008-08-07",1160,1230,1155,1190,49012
"2008-08-08",1200,1235,1165,1235,109448
"2008-08-11",1260,1260,1195,1260,68984
"2008-08-12",1255,1255,1220,1240,72395
"2008-08-13",1425,1425,1220,1250,575155
"2008-08-14",1250,1340,1200,1295,101097
"2008-08-18",1250,1295,1215,1250,37800
"2008-08-19",1250,1390,1245,1270,443491
"2008-08-20",1290,1320,1240,1270,49193
"2008-08-21",1275,1380,1275,1330,283918
"2008-08-22",1315,1440,1230,1275,417855
"2008-08-25",1275,1365,1240,1270,71738
"2008-08-26",1280,1460,1250,1460,894831
"2008-08-27",1520,1590,1400,1480,2457387
"2008-08-28",1510,1545,1350,1410,2316581
"2008-08-29",1420,1435,1250,1250,731981
"2008-09-01",1275,1275,1155,1160,301611
"2008-09-02",1135,1195,1090,1135,168249
"2008-09-03",1135,1200,1110,1130,171268
"2008-09-04",1105,1180,1105,1160,125091
"2008-09-05",1120,1160,1115,1125,100882
"2008-09-08",1145,1185,1145,1165,77359
"2008-09-09",1185,1185,1140,1150,57873
"2008-09-10",1150,1175,1135,1175,45808
"2008-09-11",1185,1230,1160,1180,78642
"2008-09-12",1195,1195,1175,1190,41895
"2008-09-16",1120,1120,1050,1050,137258
"2008-09-17",1085,1105,1080,1100,63836
"2008-09-18",1070,1080,1050,1060,126680
"2008-09-19",1085,1150,1085,1105,59636
"2008-09-22",1125,1155,1100,1105,78358
"2008-09-23",1080,1120,1080,1110,30223
"2008-09-24",1095,1130,1090,1110,42643
"2008-09-25",1105,1130,1090,1100,27038
"2008-09-26",1105,1150,1105,1125,82506
"2008-09-29",1125,1155,1100,1140,61386
"2008-09-30",1075,1100,1030,1080,69413
"2008-10-01",1120,1120,1075,1080,37168
"2008-10-02",1070,1115,1040,1070,63080
"2008-10-06",1035,1045,995,1000,45613
"2008-10-07",930,1015,855,980,74197
"2008-10-08",935,960,835,835,118745
"2008-10-09",790,850,790,825,104544
"2008-10-10",810,835,705,835,214281
"2008-10-13",765,870,765,865,99798
"2008-10-14",880,970,880,950,87243
"2008-10-15",930,950,870,935,33357
"2008-10-16",875,905,795,805,83705
"2008-10-17",885,885,800,860,54045
"2008-10-20",930,930,825,895,15627
"2008-10-21",920,945,855,855,64684
"2008-10-22",910,910,795,855,58891
"2008-10-23",860,860,730,830,95398
"2008-10-24",790,830,710,710,81033
"2008-10-27",630,710,610,710,84897
"2008-10-28",610,715,610,710,54255
"2008-10-29",705,760,675,690,40390
"2008-10-30",695,780,695,775,47326
"2008-10-31",830,830,750,785,41085
"2008-11-03",750,780,740,755,90877
"2008-11-04",760,820,760,820,109954
"2008-11-05",840,875,795,810,96777
"2008-11-06",830,830,730,750,31726
"2008-11-07",705,800,705,800,21130
"2008-11-10",765,800,755,760,32341
"2008-11-11",740,755,680,735,49906
"2008-11-12",695,745,695,715,15147
"2008-11-13",680,720,650,695,23716
"2008-11-14",710,740,665,695,47749
"2008-11-17",660,720,655,710,10432
"2008-11-18",675,710,670,685,20283
"2008-11-19",675,710,650,670,28771
"2008-11-20",615,670,570,585,88256
"2008-11-21",545,605,530,605,242077
"2008-11-24",690,690,585,595,160276
"2008-11-25",595,620,585,620,95146
"2008-11-26",645,645,575,610,52459
"2008-11-27",600,625,590,595,53069
"2008-11-28",615,615,590,600,36841
"2008-12-01",635,635,590,595,50082
"2008-12-02",580,595,560,585,28485
"2008-12-03",585,615,580,580,49120
"2008-12-04",580,605,565,570,34670
"2008-12-05",560,585,560,565,20912
"2008-12-08",575,590,560,575,59290
"2008-12-09",595,595,555,565,62199
"2008-12-10",575,630,555,585,99118
"2008-12-11",615,615,595,610,22924
"2008-12-12",605,625,600,610,62309
"2008-12-15",625,640,605,615,35732
"2008-12-16",615,630,590,610,51698
"2008-12-17",620,630,600,625,169439
"2008-12-18",625,685,625,655,70160
"2008-12-19",640,665,630,655,38516
"2008-12-22",655,660,630,645,53641
"2008-12-23",655,655,590,605,131278
"2008-12-24",620,620,580,595,47734
"2008-12-26",605,605,575,600,38451
"2008-12-29",600,620,580,600,22281
"2008-12-30",610,610,590,590,27416
"2009-01-02",615,630,575,610,63943
"2009-01-05",615,670,615,635,97572
"2009-01-06",650,650,620,635,37315
"2009-01-07",640,640,620,625,45965
"2009-01-08",615,620,605,610,58010
"2009-01-09",610,620,595,620,77458
"2009-01-12",600,630,595,610,69212
"2009-01-13",625,655,605,635,114374
"2009-01-14",645,730,640,730,781823
"2009-01-15",730,810,690,690,1003343
"2009-01-16",740,755,695,725,233723
"2009-01-19",745,770,710,730,180536
"2009-01-20",745,835,730,835,1693179
"2009-01-21",830,840,710,710,941106
"2009-01-22",730,740,670,715,421601
"2009-01-23",710,720,685,690,118863
"2009-01-28",695,730,695,725,98629
"2009-01-29",740,740,700,715,103278
"2009-01-30",710,740,690,740,114667
"2009-02-02",735,815,720,770,384613
"2009-02-03",760,785,735,745,153497
"2009-02-04",755,780,745,745,133891
"2009-02-05",735,750,700,700,198142
"2009-02-06",705,725,700,705,95255
"2009-02-09",710,750,710,735,92120
"2009-02-10",770,770,735,745,67024
"2009-02-11",725,760,720,740,22174
"2009-02-12",740,760,735,750,73120
"2009-02-13",770,780,740,770,121606
"2009-02-16",770,815,760,780,150262
"2009-02-17",770,790,725,725,121283
"2009-02-18",720,760,695,750,153190
"2009-02-19",760,760,710,715,53656
"2009-02-20",725,725,645,680,130623
"2009-02-23",660,705,655,690,62213
"2009-02-24",670,685,645,675,73310
"2009-02-25",700,715,675,695,37248
"2009-02-26",735,735,680,695,21308
"2009-02-27",685,715,670,675,109598
"2009-03-02",670,700,655,660,28987
"2009-03-03",685,685,645,645,56262
"2009-03-04",645,680,640,680,38929
"2009-03-05",695,705,665,705,47537
"2009-03-06",720,810,710,810,563286
"2009-03-09",810,930,800,860,1408508
"2009-03-10",870,885,825,875,242704
"2009-03-11",880,935,860,860,323191
"2009-03-12",850,870,825,835,134181
"2009-03-13",870,870,780,850,311844
"2009-03-16",850,865,830,840,125553
"2009-03-17",845,860,820,850,143895
"2009-03-18",860,930,840,875,569659
"2009-03-19",890,890,850,860,147359
"2009-03-20",840,870,835,865,97078
"2009-03-23",870,880,850,870,183338
"2009-03-24",890,890,835,850,193713
"2009-03-25",850,860,820,840,125051
"2009-03-26",860,915,855,905,312596
"2009-03-27",910,1020,905,955,542308
"2009-03-30",960,1005,935,935,125991
"2009-03-31",960,1075,930,1075,396142
"2009-04-01",1115,1235,1075,1230,775598
"2009-04-02",1250,1285,1180,1220,431486
"2009-04-03",1240,1270,1160,1200,153140
"2009-04-06",1230,1230,1130,1140,227788
"2009-04-07",1105,1170,1105,1165,194516
"2009-04-08",1160,1165,1115,1120,204402
"2009-04-09",1135,1170,1100,1150,198397
"2009-04-10",1175,1190,1135,1190,251347
"2009-04-13",1215,1365,1170,1365,502753
"2009-04-14",1380,1415,1315,1360,237480
"2009-04-15",1360,1380,1250,1315,265787
"2009-04-16",1315,1450,1300,1370,300673
"2009-04-17",1430,1435,1275,1340,214425
"2009-04-20",1340,1370,1275,1320,87566
"2009-04-21",1275,1340,1235,1290,123911
"2009-04-22",1335,1350,1280,1290,117702
"2009-04-23",1335,1335,1280,1295,75662
"2009-04-24",1290,1310,1260,1285,119800
"2009-04-27",1270,1350,1260,1315,243843
"2009-04-28",1320,1425,1225,1235,397432
"2009-04-29",1200,1285,1180,1235,274949
"2009-04-30",1235,1250,1175,1200,360030
"2009-05-04",1215,1290,1210,1260,211322
"2009-05-06",1265,1265,1225,1255,94312
"2009-05-07",1240,1440,1235,1440,1520429
"2009-05-08",1400,1430,1350,1355,603592
"2009-05-11",1380,1450,1345,1360,576327
"2009-05-12",1355,1385,1335,1335,469668
"2009-05-13",1345,1395,1320,1360,327460
"2009-05-14",1360,1555,1345,1495,972591
"2009-05-15",1500,1540,1445,1460,318744
"2009-05-18",1460,1535,1450,1490,160704
"2009-05-19",1515,1520,1455,1510,295522
"2009-05-20",1520,1545,1480,1480,223761
"2009-05-21",1480,1510,1440,1470,233512
"2009-05-22",1460,1480,1420,1450,121778
"2009-05-25",1465,1475,1350,1385,210198
"2009-05-26",1390,1445,1375,1375,132147
"2009-05-27",1400,1430,1350,1350,105515
"2009-05-28",1345,1400,1280,1350,156382
"2009-05-29",1360,1430,1360,1400,130473
"2009-06-01",1455,1495,1420,1480,136434
"2009-06-02",1505,1505,1450,1470,191599
"2009-06-03",1470,1490,1410,1485,52731
"2009-06-04",1495,1635,1470,1565,551496
"2009-06-05",1585,1590,1450,1550,226099
"2009-06-08",1590,1635,1545,1565,239109
"2009-06-09",1565,1580,1475,1510,119711
"2009-06-10",1490,1520,1460,1475,110225
"2009-06-11",1475,1490,1440,1475,100821
"2009-06-12",1475,1500,1430,1480,68298
"2009-06-15",1480,1490,1430,1475,61206
"2009-06-16",1445,1580,1445,1525,194185
"2009-06-17",1500,1525,1450,1470,114229
"2009-06-18",1470,1590,1435,1545,174566
"2009-06-19",1545,1615,1510,1580,387318
"2009-06-22",1635,1660,1550,1595,270964
"2009-06-23",1575,1575,1485,1485,164361
"2009-06-24",1480,1530,1375,1380,439116
"2009-06-25",1380,1475,1365,1455,174047
"2009-06-26",1460,1485,1400,1435,102894
"2009-06-29",1420,1445,1380,1390,98966
"2009-06-30",1395,1440,1370,1385,110425
"2009-07-01",1380,1430,1350,1420,112711
"2009-07-02",1450,1480,1395,1420,199004
"2009-07-03",1395,1435,1380,1425,74476
"2009-07-06",1440,1470,1425,1450,58342
"2009-07-07",1480,1495,1450,1470,114124
"2009-07-08",1475,1475,1425,1445,61782
"2009-07-09",1450,1480,1440,1460,49389
"2009-07-10",1450,1490,1440,1460,79338
"2009-07-13",1440,1630,1440,1505,507747
"2009-07-14",1560,1730,1545,1720,2145162
"2009-07-15",1760,1880,1685,1760,1882581
"2009-07-16",1800,1865,1710,1735,749825
"2009-07-17",1735,1810,1660,1785,761764
"2009-07-20",1830,2030,1815,1940,1294405
"2009-07-21",1955,1980,1840,1900,566215
"2009-07-22",1900,1975,1835,1970,578876
"2009-07-23",1985,2020,1910,1940,389613
"2009-07-24",1945,1995,1925,1940,299270
"2009-07-27",1950,1970,1890,1890,293607
"2009-07-28",1910,1930,1850,1890,298884
"2009-07-29",1870,2170,1870,2170,1377728
"2009-07-30",2260,2435,2100,2100,3208199
"2009-07-31",2100,2350,2075,2245,2222391
"2009-08-03",2245,2500,2100,2205,3204838
"2009-08-04",2270,2270,2090,2180,686438
"2009-08-05",2130,2275,2130,2155,651063
"2009-08-06",2130,2230,2005,2085,624832
"2009-08-07",2055,2300,2035,2275,794802
"2009-08-10",2340,2400,2250,2300,371924
"2009-08-11",2310,2485,2230,2375,912317
"2009-08-12",2350,2420,2300,2340,309327
"2009-08-13",2360,2430,2295,2305,361399
"2009-08-14",2320,2360,2255,2255,241896
"2009-08-17",2280,2570,2175,2480,902665
"2009-08-18",2480,2560,2300,2425,857225
"2009-08-19",2460,2745,2460,2680,1390446
"2009-08-20",2765,2960,2700,2910,1417089
"2009-08-21",2980,3300,2965,3295,1868889
"2009-08-24",3370,3595,2960,3125,2251575
"2009-08-25",3150,3160,2730,2900,1430595
"2009-08-26",3150,3335,3150,3335,651101
"2009-08-27",3800,3835,3340,3835,4926098
"2009-08-28",4100,4410,3910,4410,3406874
"2009-08-31",4650,4790,3790,3850,7034843
"2009-09-01",3800,4425,3550,4270,8424715
"2009-09-02",4200,4650,4010,4040,5651897
"2009-09-03",4240,4310,3670,3740,2590642
"2009-09-04",3700,3935,3500,3740,2900220
"2009-09-07",3745,4300,3740,4300,3489045
"2009-09-08",4600,4945,4585,4945,4518055
"2009-09-09",5050,5560,4600,4710,14318488
"2009-09-10",4545,4795,4050,4745,4689912
"2009-09-11",5450,5450,5450,5450,484361
"2009-09-14",5510,6260,5500,5760,13054152
"2009-09-15",6100,6170,4925,4950,7762615
"2009-09-16",5260,5420,4515,5110,7537302
"2009-09-17",5330,5750,4965,5380,9053456
"2009-09-18",5200,5310,4900,4940,3100705
"2009-09-21",4740,4850,4450,4580,2601022
"2009-09-22",4580,4840,4210,4295,3290415
"2009-09-23",4315,4360,3900,3900,2869138
"2009-09-24",3950,4140,3690,3760,2923719
"2009-09-25",3710,3840,3570,3840,2712088
"2009-09-28",3925,3955,3525,3525,1563047
"2009-09-29",3530,3560,3310,3470,1932367
"2009-09-30",3440,3480,3245,3390,1172288
"2009-10-01",3360,3455,3010,3080,1843784
"2009-10-05",2930,3175,2910,3000,908540
"2009-10-06",3050,3240,2960,3080,1011417
"2009-10-07",3100,3540,3100,3540,4334599
"2009-10-08",3565,3680,3365,3430,2598783
"2009-10-09",3450,3550,3300,3395,1248006
"2009-10-12",3510,3675,3405,3405,2120476
"2009-10-13",3425,3460,3115,3250,1024117
"2009-10-14",3355,3490,3265,3265,779200
"2009-10-15",3300,3460,3285,3450,1101930
"2009-10-16",3440,3530,3350,3380,882872
"2009-10-19",3500,3885,3460,3885,3752669
"2009-10-20",3925,4400,3770,4295,5929054
"2009-10-21",4305,4890,4250,4700,6233088
"2009-10-22",4700,4700,4075,4125,3021285
"2009-10-23",4280,4445,3765,4035,3115278
"2009-10-26",4640,4640,4640,4640,374231
"2009-10-27",5330,5330,4640,5330,8997022
"2009-10-28",5180,6120,4945,6120,11840486
"2009-10-29",6420,6590,5710,6300,16111020
"2009-10-30",6050,7240,5890,7240,15844282
"2009-11-02",8290,8320,7720,8320,11068605
"2009-11-03",8030,8440,7080,7080,13235118
"2009-11-04",6800,6920,6020,6020,9500569
"2009-11-05",6080,6820,5550,6670,16669332
"2009-11-06",6480,7050,6260,6700,13945313
"2009-11-09",6500,6680,5720,5950,6207466
"2009-11-10",5950,6440,5750,6100,7318891
"2009-11-11",6130,6160,5630,5730,3585174
"2009-11-12",5800,6270,5800,5950,4296485
"2009-11-13",6220,6270,5860,6270,2746618
"2009-11-16",6090,6160,5700,6000,2071947
"2009-11-17",6000,6890,5750,6850,10634504
"2009-11-18",6460,7240,6260,6260,11915911
"2009-11-19",6160,6450,5850,5900,4502763
"2009-11-20",5940,6080,5310,5420,2970841
"2009-11-23",5460,5560,5100,5250,2832665
"2009-11-24",5280,5300,4860,4945,2909795
"2009-11-25",5170,5260,4900,4955,2874315
"2009-11-26",4910,4950,4360,4390,3826937
"2009-11-27",4410,4435,3805,3900,2580910
"2009-11-30",4025,4315,3935,4190,3279133
"2009-12-01",4240,4285,3825,4015,1795555
"2009-12-02",4100,4345,4015,4110,2297502
"2009-12-03",4200,4310,4120,4120,1324840
"2009-12-04",4115,4155,3900,3905,1303683
"2009-12-07",3930,3965,3830,3895,892966
"2009-12-08",3950,4475,3910,4165,5781725
"2009-12-09",4230,4525,4190,4265,2976231
"2009-12-10",4370,4400,4155,4205,1423064
"2009-12-11",4190,4250,4025,4075,883635
"2009-12-14",4090,4450,4090,4315,2072042
"2009-12-15",4515,4605,4325,4325,1446548
"2009-12-16",4350,4350,4165,4280,846134
"2009-12-17",4340,4465,4285,4445,1126895
"2009-12-18",4445,4570,4425,4455,1143252
"2009-12-21",4550,4555,4365,4370,802033
"2009-12-22",4380,4410,4220,4250,600406
"2009-12-23",4255,4290,4015,4015,698156
"2009-12-24",4015,4100,3965,4060,409525
"2009-12-28",4000,4040,3680,3725,809140
"2009-12-29",3965,3985,3650,3700,924685
"2009-12-30",3725,3870,3630,3830,553880
"2010-01-04",3845,4200,3845,4155,1144158
"2010-01-05",4245,4400,4160,4220,918889
"2010-01-06",4200,4340,4095,4280,797239
"2010-01-07",4390,4400,4250,4285,707107
"2010-01-08",4290,4305,4020,4090,595144
"2010-01-11",4090,4115,3975,3990,589023
"2010-01-12",3955,4055,3950,4000,283866
"2010-01-13",3990,4050,3830,3845,575069
"2010-01-14",3885,3935,3830,3860,316590
"2010-01-15",3895,4035,3845,4035,430739
"2010-01-18",4035,4085,3985,4035,331947
"2010-01-19",4045,4535,4030,4410,1947813
"2010-01-20",4410,4555,4220,4220,1729041
"2010-01-21",4220,4360,4075,4165,709723
"2010-01-22",4070,4125,3950,4040,623204
"2010-01-25",3995,4200,3805,3945,780790
"2010-01-26",4000,4230,3935,4050,842205
"2010-01-27",4055,4370,3915,4215,1462968
"2010-01-28",4215,4230,3955,3955,700823
"2010-01-29",3800,3810,3405,3505,847128
"2010-02-01",3450,3570,3350,3405,464940
"2010-02-02",3490,3540,3200,3220,517989
"2010-02-03",3280,3410,3235,3305,602479
"2010-02-04",3370,3500,3320,3500,530470
"2010-02-05",3300,3520,3220,3420,387465
"2010-02-08",3450,3580,3275,3310,391802
"2010-02-09",3230,3330,3160,3205,378818
"2010-02-10",3260,3450,3230,3345,456153
"2010-02-11",3310,3845,3300,3660,1996107
"2010-02-12",3675,3780,3500,3680,644095
"2010-02-16",3680,3695,3550,3610,285672
"2010-02-17",3620,3690,3580,3600,401543
"2010-02-18",3670,3875,3615,3710,674767
"2010-02-19",3710,3820,3600,3610,387884
"2010-02-22",3615,3765,3615,3700,313602
"2010-02-23",3735,3735,3650,3665,215529
"2010-02-24",3635,3700,3560,3570,288043
"2010-02-25",3585,3600,3360,3385,378629
"2010-02-26",3415,3435,3315,3350,219839
"2010-03-02",3400,3800,3395,3650,1412011
"2010-03-03",3630,3785,3560,3590,699893
"2010-03-04",3630,4075,3580,3905,2314046
"2010-03-05",3990,4050,3815,3820,1414472
"2010-03-08",3890,4000,3820,4000,944530
"2010-03-09",4160,4430,4105,4110,3031971
"2010-03-10",4100,4230,4015,4075,816350
"2010-03-11",4120,4280,4030,4030,1430481
"2010-03-12",4140,4245,4055,4240,1132243
"2010-03-15",4320,4400,4160,4200,1196482
"2010-03-16",4350,4350,4180,4195,846863
"2010-03-17",4205,4230,4050,4095,828910
"2010-03-18",4160,4280,4105,4200,816016
"2010-03-19",4200,4295,4200,4260,645812
"2010-03-22",4380,4810,4330,4650,4017842
"2010-03-23",4835,4950,4610,4630,3212321
"2010-03-24",4650,4680,4280,4315,1867549
"2010-03-25",4340,4470,4130,4460,1093468
"2010-03-26",4450,4495,4325,4330,656703
"2010-03-29",4200,4270,4080,4125,760957
"2010-03-30",4125,4185,3980,4000,763152
"2010-03-31",4040,4115,3990,3990,466911
"2010-04-01",3995,4100,3995,4045,348282
"2010-04-02",4090,4155,3870,3890,597857
"2010-04-05",3900,3935,3470,3725,880563
"2010-04-06",3750,3830,3650,3650,357181
"2010-04-07",3695,3910,3605,3840,536089
"2010-04-08",3840,3900,3775,3850,207555
"2010-04-09",3910,3910,3670,3705,265041
"2010-04-12",3705,3860,3705,3720,328616
"2010-04-13",3770,3770,3645,3770,301139
"2010-04-14",3770,3830,3680,3770,347934
"2010-04-15",3875,3885,3750,3770,462608
"2010-04-16",3770,3785,3645,3660,341293
"2010-04-19",3660,4205,3640,4205,2366303
"2010-04-20",4405,4550,4210,4210,5475850
"2010-04-21",4135,4190,4020,4185,1811412
"2010-04-22",4200,4255,4010,4010,1314446
"2010-04-23",3955,4010,3725,3730,1514067
"2010-04-26",3800,3890,3785,3850,721146
"2010-04-27",3830,3830,3700,3715,547768
"2010-04-28",3650,3675,3160,3595,547921
"2010-04-29",3595,3680,3545,3560,421535
"2010-04-30",3615,3640,3470,3555,458537
"2010-05-03",3520,3835,3505,3610,776797
"2010-05-04",3700,3700,3565,3570,308746
"2010-05-06",3450,3745,3385,3500,872907
"2010-05-07",3350,3420,3245,3360,453697
"2010-05-10",3500,3660,3450,3480,438646
"2010-05-11",3550,3695,3470,3560,862507
"2010-05-12",3525,3555,3400,3400,408178
"2010-05-13",3430,3470,3350,3375,346202
"2010-05-14",3360,3395,3270,3350,372891
"2010-05-17",3340,3390,3210,3240,258652
"2010-05-18",3240,3340,3160,3185,283703
"2010-05-19",3165,3285,3155,3175,211242
"2010-05-20",3120,3220,2700,2800,578291
"2010-05-24",2705,2835,2660,2800,389642
"2010-05-25",2895,3140,2520,2755,1446273
"2010-05-26",2760,2870,2735,2870,336202
"2010-05-27",2870,2940,2770,2910,343890
"2010-05-28",2950,3020,2870,2900,351301
"2010-05-31",2935,3005,2900,2975,310955
"2010-06-01",2960,3045,2915,2920,291051
"2010-06-03",2930,3115,2930,3025,372433
"2010-06-04",3105,3140,2970,2985,419284
"2010-06-07",2890,2890,2730,2835,386028
"2010-06-08",2840,2950,2835,2855,237802
"2010-06-09",2870,2905,2785,2810,269522
"2010-06-10",2825,2910,2795,2910,314225
"2010-06-11",2925,2925,2870,2870,186853
"2010-06-14",2875,3005,2875,2920,361201
"2010-06-15",2985,3270,2950,3120,1932731
"2010-06-16",3120,3155,3050,3085,313898
"2010-06-17",3130,3250,3050,3115,434570
"2010-06-18",3100,3200,3085,3110,221792
"2010-06-21",3165,3180,3080,3090,236286
"2010-06-22",3065,3085,3005,3065,200750
"2010-06-23",3070,3075,2995,3000,196910
"2010-06-24",2970,3045,2960,2970,180236
"2010-06-25",2970,3000,2935,2940,210846
"2010-06-28",2975,2990,2900,2905,170920
"2010-06-29",2935,2935,2800,2830,227095
"2010-06-30",2735,3040,2700,2780,459668
"2010-07-01",2800,2850,2775,2825,233946
"2010-07-02",2810,2880,2805,2825,187194
"2010-07-05",2810,2865,2805,2830,90248
"2010-07-06",2835,2875,2760,2840,115591
"2010-07-07",2865,2885,2830,2835,172203
"2010-07-08",2855,3165,2855,3070,973415
"2010-07-09",3100,3225,3060,3060,937367
"2010-07-12",3040,3055,2965,2965,386472
"2010-07-13",3020,3030,2940,2945,308156
"2010-07-14",2990,3090,2970,3055,373502
"2010-07-15",3100,3270,3060,3100,1301387
"2010-07-16",3130,3200,3060,3195,465506
"2010-07-19",3210,3300,3170,3200,803060
"2010-07-20",3160,3200,3120,3120,350310
"2010-07-21",3185,3190,3020,3020,382583
"2010-07-22",3020,3090,2890,2915,317525
"2010-07-23",2925,2980,2900,2980,189991
"2010-07-26",3055,3095,3020,3040,143450
"2010-07-27",3060,3400,3040,3400,938786
"2010-07-28",3600,3660,3400,3400,3663626
"2010-07-29",3350,3430,3245,3280,1085954
"2010-07-30",3320,3565,3310,3460,2174964
"2010-08-02",3520,3975,3410,3975,6326900
"2010-08-03",4100,4490,3990,4280,11679581
"2010-08-04",4325,4400,4155,4290,3600900
"2010-08-05",4330,4430,4200,4200,3587719
"2010-08-06",4165,4250,3870,3950,2468410
"2010-08-09",4005,4145,3930,4035,2077834
"2010-08-10",4230,4570,4175,4260,6012900
"2010-08-11",4550,4725,4400,4690,5044467
"2010-08-12",4600,4670,3990,3990,2849163
"2010-08-13",3850,4045,3680,3810,3339704
"2010-08-16",3855,4340,3800,4250,3557333
"2010-08-17",4565,4745,4350,4400,6282496
"2010-08-18",4370,4455,4160,4235,2791510
"2010-08-19",4310,4485,4095,4130,2271659
"2010-08-20",4080,4350,4080,4350,1700664
"2010-08-23",4480,4625,4385,4425,3662957
"2010-08-24",4415,4415,4105,4105,1889910
"2010-08-25",4105,4275,4080,4130,1041040
"2010-08-26",4130,4215,3620,3795,1732352
"2010-08-27",3865,3960,3805,3900,1125888
"2010-08-30",3960,3960,3755,3800,1012588
"2010-08-31",3950,4110,3925,3980,1783002
"2010-09-01",3980,4015,3800,3835,1173172
"2010-09-02",3895,3895,3730,3850,1009019
"2010-09-03",3850,3870,3760,3770,623259
"2010-09-06",3840,3975,3805,3805,1353408
"2010-09-07",3840,3850,3625,3680,1193488
"2010-09-08",3665,3680,3530,3650,732897
"2010-09-09",3810,3890,3650,3655,1672365
"2010-09-10",3615,4070,3615,3880,3256864
"2010-09-13",3830,3875,3740,3830,818257
"2010-09-14",3980,4050,3850,3865,1125578
"2010-09-15",3885,3885,3730,3750,632921
"2010-09-16",3710,3990,3710,3895,1534977
"2010-09-17",3910,4015,3880,3900,1159313
"2010-09-20",3865,3890,3770,3770,613430
"2010-09-24",3785,3865,3780,3855,401624
"2010-09-27",3855,3910,3810,3810,571541
"2010-09-28",3800,4015,3800,3815,1548610
"2010-09-29",4050,4310,4030,4140,5409474
"2010-09-30",4200,4280,4100,4125,1448777
"2010-10-01",4125,4245,4010,4235,1191717
"2010-10-04",4255,4340,4090,4125,1407081
"2010-10-05",4100,4175,4010,4010,587656
"2010-10-06",4090,4090,4000,4000,505272
"2010-10-07",4030,4090,3905,4000,733367
"2010-10-08",4050,4295,4045,4145,2320950
"2010-10-11",4190,4190,3990,3995,744340
"2010-10-12",4040,4220,4000,4130,1492231
"2010-10-13",4180,4300,4095,4095,1867594
"2010-10-14",4140,4165,4075,4100,580642
"2010-10-15",4105,4120,4060,4090,449448
"2010-10-18",4165,4245,4095,4105,588853
"2010-10-19",4120,4295,4075,4295,1399184
"2010-10-20",4260,4300,4185,4220,1138921
"2010-10-21",4245,4520,4230,4340,3868981
"2010-10-22",4355,4465,4160,4195,1220971
"2010-10-25",4210,4240,4110,4170,723593
"2010-10-26",4205,4225,4155,4180,579370
"2010-10-27",4195,4210,3980,3980,1060369
"2010-10-28",4020,4060,3975,3980,521250
"2010-10-29",4010,4020,3835,3900,602272
"2010-11-01",3860,3945,3850,3920,375157
"2010-11-02",3885,3940,3770,3785,537956
"2010-11-03",3760,3845,3740,3785,330701
"2010-11-04",3775,3915,3770,3865,347844
"2010-11-05",3900,3900,3805,3805,275727
"2010-11-08",3835,3870,3780,3840,206734
"2010-11-09",3840,3885,3800,3880,238519
"2010-11-10",3910,3985,3865,3865,512657
"2010-11-11",3855,3920,3790,3805,337883
"2010-11-12",3815,3835,3340,3605,659270
"2010-11-15",3655,3655,3425,3435,345042
"2010-11-16",3460,3600,3435,3435,344642
"2010-11-17",3420,3600,3390,3600,351832
"2010-11-18",3630,4140,3630,4140,2713959
"2010-11-19",4260,4280,3960,4000,4667855
"2010-11-22",4030,4100,3900,3970,1401511
"2010-11-23",4030,4070,3570,3720,1724801
"2010-11-24",3400,3790,3385,3670,1228680
"2010-11-25",3680,3785,3610,3610,562571
"2010-11-26",3655,4035,3570,3815,3524570
"2010-11-29",3750,3875,3650,3670,1483220
"2010-11-30",3740,4220,3740,3805,6715192
"2010-12-01",4060,4060,3840,3875,1667706
"2010-12-02",3930,3935,3845,3855,756342
"2010-12-03",3865,3965,3805,3805,938380
"2010-12-06",3680,3680,3510,3595,1398056
"2010-12-07",3590,3665,3540,3560,381557
"2010-12-08",3540,3750,3540,3540,434546
"2010-12-09",3600,3720,3540,3550,806501
"2010-12-10",3600,3750,3570,3660,1037493
"2010-12-13",4175,4205,3980,4205,4303814
"2010-12-14",4000,4105,3850,3950,2864315
"2010-12-15",4020,4095,3880,4095,1856289
"2010-12-16",4010,4040,3870,3870,1030737
"2010-12-17",3835,3995,3815,3960,1049335
"2010-12-20",3995,4200,3920,4040,4117716
"2010-12-21",4155,4270,4080,4210,3298075
"2010-12-22",4210,4270,3965,3990,1889060
"2010-12-23",3925,3975,3805,3805,890485
"2010-12-24",3810,3980,3795,3980,912054
"2010-12-27",4040,4075,3900,3960,975929
"2010-12-28",3990,3990,3585,3595,1601186
"2010-12-29",3620,3950,3555,3780,2037553
"2010-12-30",3780,3800,3635,3660,844587
"2011-01-03",3780,3790,3680,3685,495745
"2011-01-04",3685,3905,3670,3905,1405971
"2011-01-05",3800,3895,3760,3850,944308
"2011-01-06",3970,4165,3845,3900,2679522
"2011-01-07",3915,4100,3850,3980,1677361
"2011-01-10",4010,4085,3975,4080,1283032
"2011-01-11",4060,4170,3955,4080,1660325
"2011-01-12",4070,4160,3990,4060,1547533
"2011-01-13",4085,4095,3900,3900,829751
"2011-01-14",3860,3900,3775,3870,789063
"2011-01-17",3910,3920,3785,3785,659424
"2011-01-18",3760,3890,3745,3790,719238
"2011-01-19",3790,3905,3765,3845,910863
"2011-01-20",3845,3970,3785,3800,834215
"2011-01-21",3810,3930,3705,3705,986203
"2011-01-24",3730,3740,3650,3655,539754
"2011-01-25",3655,3775,3640,3680,676889
"2011-01-26",3725,3750,3680,3690,374261
"2011-01-27",3740,3865,3730,3830,1118876
"2011-01-28",3890,4040,3710,3720,1682800
"2011-01-31",3650,3900,3645,3720,1100736
"2011-02-01",3770,3860,3695,3720,1138602
"2011-02-07",3730,3800,3715,3720,349664
"2011-02-08",3740,3765,3685,3685,434863
"2011-02-09",3705,3810,3670,3680,973995
"2011-02-10",3670,3890,3610,3750,2114079
"2011-02-11",3945,4010,3765,3905,3533513
"2011-02-14",3905,3975,3750,3750,1099410
"2011-02-15",3770,4300,3760,4130,7236658
"2011-02-16",4045,4680,3990,4515,9981192
"2011-02-17",4650,4715,4155,4200,4932706
"2011-02-18",4225,4410,4115,4115,3793722
"2011-02-21",4155,4485,4145,4400,4105108
"2011-02-22",4355,4675,4325,4500,5579621
"2011-02-23",4500,4580,4200,4305,2263036
"2011-02-24",4415,4530,3965,4040,2309876
"2011-02-25",4040,4330,4020,4330,2297441
"2011-02-28",4565,4655,4370,4445,4407271
"2011-03-02",4370,4525,4180,4260,2085773
"2011-03-03",4130,4150,3835,3850,3843904
"2011-03-04",3880,3960,3845,3860,1149787
"2011-03-07",3865,3925,3760,3790,1049835
"2011-03-08",3750,3870,3750,3795,812014
"2011-03-09",3830,3850,3750,3750,655248
"2011-03-10",3755,3880,3720,3840,800967
"2011-03-11",3760,3815,3720,3740,647692
"2011-03-14",3900,4235,3805,4015,5016380
"2011-03-15",4060,4615,3870,4615,9212725
"2011-03-16",4850,5250,4310,4560,21711757
"2011-03-17",4835,5060,4350,4575,12340955
"2011-03-18",4680,4715,4185,4230,6056866
"2011-03-21",4190,4295,4000,4040,3720691
"2011-03-22",4110,4195,4050,4050,3066986
"2011-03-23",4010,4040,3880,3940,2035565
"2011-03-24",4020,4165,3975,4120,4824068
"2011-03-25",4100,4185,4020,4100,2755415
"2011-03-28",4430,4470,4210,4210,8779203
"2011-03-29",4400,4840,4380,4840,15795988
"2011-03-30",4840,5390,4400,4425,21021851
"2011-03-31",4430,4470,4210,4260,5921024
"2011-04-01",4350,4570,4335,4410,7145120
"2011-04-04",4360,4565,4260,4395,5954464
"2011-04-05",4580,4960,4575,4890,11913853
"2011-04-06",4785,4825,4450,4460,6459259
"2011-04-07",4550,4665,4395,4395,6254143
"2011-04-08",4515,4590,4130,4230,4566573
"2011-04-11",4200,4220,4075,4125,1776734
"2011-04-12",4245,4310,4095,4140,2982632
"2011-04-13",4125,4210,4080,4085,1197272
"2011-04-14",4105,4150,3980,3995,1318603
"2011-04-15",4045,4075,3990,4075,934841
"2011-04-18",4170,4320,4110,4200,3460420
"2011-04-19",4155,4250,4055,4060,1165268
"2011-04-20",4045,4145,3995,4025,1297412
"2011-04-21",4050,4080,3950,3950,1229630
"2011-04-22",3885,3960,3780,3785,1377381
"2011-04-25",3805,3890,3790,3865,606312
"2011-04-26",3940,3940,3600,3625,1085388
"2011-04-27",3700,3835,3650,3710,1769487
"2011-04-28",3710,3910,3600,3720,1456176
"2011-04-29",3765,3835,3665,3705,838425
"2011-05-02",3760,3835,3665,3665,867792
"2011-05-03",3730,3845,3705,3780,1387199
"2011-05-04",3805,3810,3715,3735,565446
"2011-05-06",3850,3895,3710,3710,1863351
"2011-05-09",3690,3725,3505,3505,1194059
"2011-05-11",3470,3615,3470,3500,1018745
"2011-05-12",3510,3580,3510,3520,534240
"2011-05-13",3540,3545,3330,3335,1081523
"2011-05-16",3330,3420,3295,3335,579733
"2011-05-17",3375,3410,3325,3330,534507
"2011-05-18",3350,3390,3130,3150,665604
"2011-05-19",3150,3270,2870,2880,1357502
"2011-05-20",2860,2970,2800,2850,756034
"2011-05-23",2800,3110,2740,2960,2717418
"2011-05-24",2820,2925,2800,2800,995031
"2011-05-25",2830,2895,2560,2560,1144192
"2011-05-26",2585,2940,2585,2940,2422767
"2011-05-27",2940,3080,2850,2880,2456494
"2011-05-30",2995,3070,2870,2910,1523968
"2011-05-31",2940,3060,2910,3010,1263064
"2011-06-01",2980,3040,2945,2945,543687
"2011-06-02",2880,2930,2760,2780,457106
"2011-06-03",2780,2860,2725,2725,281099
"2011-06-07",2700,2720,2600,2600,339188
"2011-06-08",2610,2990,2610,2910,3775929
"2011-06-09",2855,3125,2800,2900,2844537
"2011-06-10",2920,2965,2775,2780,623115
"2011-06-13",2800,3195,2770,3025,4198391
"2011-06-14",3045,3260,3015,3020,3275885
"2011-06-15",3040,3135,3015,3035,1399530
"2011-06-16",3090,3250,3050,3120,3523839
"2011-06-17",3110,3175,2910,2930,1175607
"2011-06-20",2950,3040,2910,2910,756609
"2011-06-21",2980,3080,2940,3070,988948
"2011-06-22",3050,3090,2980,3005,833455
"2011-06-23",3080,3140,3010,3030,766288
"2011-06-24",3035,3090,2995,3090,653009
"2011-06-27",3065,3130,3035,3045,720488
"2011-06-28",3085,3140,3045,3050,843547
"2011-06-29",3085,3115,3025,3070,620163
"2011-06-30",3160,3370,3125,3235,3572593
"2011-07-01",3225,3260,3135,3145,1104973
"2011-07-04",3190,3250,3175,3175,637629
"2011-07-05",3200,3245,3180,3235,760222
"2011-07-06",3225,3245,3190,3210,571696
"2011-07-07",3205,3210,3125,3140,595619
"2011-07-08",3155,3270,3145,3255,843939
"2011-07-11",3290,3315,3225,3225,991431
"2011-07-12",3170,3200,3090,3120,761791
"2011-07-13",3135,3170,3070,3085,562596
"2011-07-14",3070,3150,3070,3085,541627
"2011-07-15",3090,3430,3090,3325,4070307
"2011-07-18",3350,3490,3275,3300,2562250
"2011-07-19",3380,3400,3310,3345,1027498
"2011-07-20",3360,3415,3285,3405,1342514
"2011-07-21",3425,3470,3285,3285,1038429
"2011-07-22",3300,3355,3260,3290,759953
"2011-07-25",3310,3355,3235,3235,478493
"2011-07-26",3235,3315,3230,3310,681194
"2011-07-27",3400,3600,3350,3350,3396238
"2011-07-28",3300,3435,3295,3340,1132297
"2011-07-29",3400,3415,3210,3210,771040
"2011-08-01",3225,3340,3225,3270,589759
"2011-08-02",3285,3315,3120,3150,581525
"2011-08-03",3085,3240,3060,3160,662259
"2011-08-04",3160,3240,3055,3105,516150
"2011-08-05",2800,3000,2800,3000,780842
"2011-08-08",3045,3330,2555,2795,2720951
"2011-08-09",2565,2775,2380,2390,1309986
"2011-08-10",2510,2600,2505,2505,914220
"2011-08-11",2400,2880,2290,2880,1734121
"2011-08-12",3080,3130,2860,2905,3750335
"2011-08-16",3050,3120,2995,3010,1308123
"2011-08-17",3040,3460,2995,3460,4640583
"2011-08-18",3580,3630,3220,3290,5442309
"2011-08-19",3045,3160,2860,2860,2030351
"2011-08-22",2970,3020,2800,2890,833920
"2011-08-23",2915,3275,2910,3230,2245406
"2011-08-24",3240,3275,3000,3000,1168671
"2011-08-25",3100,3190,2935,3005,1257294
"2011-08-26",2950,3145,2950,3035,725583
"2011-08-29",3100,3490,3080,3490,5063726
"2011-08-30",3455,3500,3265,3350,4251322
"2011-08-31",3385,3555,3360,3380,3790737
"2011-09-01",3400,3565,3265,3285,3237525
"2011-09-02",3305,3355,3185,3245,1177562
"2011-09-05",3185,3360,3150,3210,1071604
"2011-09-06",3170,3205,2845,2935,1524342
"2011-09-07",3050,3150,3010,3030,925195
"2011-09-08",3105,3180,3025,3060,779422
"2011-09-09",3040,3120,2980,3000,470484
"2011-09-14",3060,3060,2915,2970,560308
"2011-09-15",3050,3100,2900,2940,956962
"2011-09-16",3000,3125,2940,3050,1340313
"2011-09-19",3080,3115,3005,3005,569173
"2011-09-20",2995,3060,2935,3005,455501
"2011-09-21",3020,3080,3015,3025,519277
"2011-09-22",2960,3025,2935,2970,491280
"2011-09-23",2820,2880,2620,2650,1020413
"2011-09-26",2730,2735,2255,2320,1045122
"2011-09-27",2380,2650,2380,2525,1288100
"2011-09-28",2545,2645,2500,2520,517847
"2011-09-29",2475,2770,2450,2615,1218358
"2011-09-30",2680,2725,2625,2700,515556
"2011-10-04",2505,2700,2470,2585,506401
"2011-10-05",2650,2735,2505,2505,701549
"2011-10-06",2575,2725,2560,2610,1275601
"2011-10-07",2700,2785,2645,2700,1073648
"2011-10-10",2720,2850,2720,2780,825975
"2011-10-11",2845,2965,2820,2860,1197320
"2011-10-12",2890,2945,2845,2900,654415
"2011-10-13",3180,3335,2950,2960,6784930
"2011-10-14",3055,3400,2950,3400,6645939
"2011-10-17",3680,3910,3525,3610,10098553
"2011-10-18",3530,4150,3470,4150,7705682
"2011-10-19",4200,4320,3605,3740,13016323
"2011-10-20",3790,3960,3340,3470,7857016
"2011-10-21",3575,3680,3455,3525,3623751
"2011-10-24",3595,3670,3525,3600,3109707
"2011-10-25",3650,3775,3465,3465,3782466
"2011-10-26",3440,3520,3250,3370,2379094
"2011-10-27",3405,3580,3375,3455,2031123
"2011-10-28",3550,3580,3275,3305,1638649
"2011-10-31",3335,3550,3330,3525,2179732
"2011-11-01",3485,3570,3440,3530,1761359
"2011-11-02",3365,3620,3360,3620,2304379
"2011-11-03",3620,3715,3420,3440,2130229
"2011-11-04",3520,3595,3480,3515,1042927
"2011-11-07",3540,3610,3515,3590,1432081
"2011-11-08",3630,3655,3500,3500,1719403
"2011-11-09",3580,3685,3565,3620,1882233
"2011-11-10",3495,3550,3300,3305,1612825
"2011-11-11",3375,3400,3305,3385,693529
"2011-11-14",3450,3515,3420,3455,806374
"2011-11-15",3455,3585,3415,3435,963433
"2011-11-16",3490,3550,3315,3340,921142
"2011-11-17",3345,3375,3210,3345,539290
"2011-11-18",3290,3315,3210,3225,566139
"2011-11-21",3225,3480,3205,3335,1088601
"2011-11-22",3250,3420,3250,3395,776527
"2011-11-23",3700,3750,3440,3470,3995651
"2011-11-24",3420,3460,3300,3315,1248376
"2011-11-25",3330,3440,3170,3190,1352261
"2011-11-28",3235,3390,3205,3290,1572876
"2011-11-29",3325,3385,3280,3280,1007023
"2011-11-30",3275,3320,3170,3200,759918
"2011-12-01",3280,3290,3215,3225,882019
"2011-12-02",3225,3275,3205,3210,628768
"2011-12-05",3225,3275,3220,3235,501532
"2011-12-06",3235,3300,3210,3210,601056
"2011-12-07",3225,3290,3220,3275,591902
"2011-12-08",3340,3395,3290,3345,1231768
"2011-12-09",3305,3485,3240,3440,2121532
"2011-12-12",3550,3880,3505,3685,5734638
"2011-12-13",3600,3675,3415,3445,3012820
"2011-12-14",3450,3525,3390,3410,1144683
"2011-12-15",3380,3435,3260,3265,999936
"2011-12-16",3275,3580,3275,3360,2283863
"2011-12-19",3400,3860,3290,3860,12480187
"2011-12-20",3790,3820,3490,3565,8161913
"2011-12-21",3570,3645,3410,3470,3893490
"2011-12-22",3500,3550,3400,3400,1768374
"2011-12-23",3435,3535,3400,3410,1466822
"2011-12-26",3440,3580,3435,3545,1981982
"2011-12-27",3565,3680,3410,3425,3035602
"2011-12-28",3465,3470,3330,3340,1289427
"2011-12-29",3305,3375,3280,3370,911370
"2012-01-02",3410,3410,3315,3325,623764
"2012-01-03",3330,3550,3330,3425,1635473
"2012-01-04",3450,3470,3415,3445,854075
"2012-01-05",3520,3645,3470,3640,3675698
"2012-01-06",3575,3600,3495,3530,1544504
"2012-01-09",3535,3550,3335,3360,1250988
"2012-01-10",3360,3415,3360,3385,545402
"2012-01-11",3395,3425,3300,3320,920590
"2012-01-12",3315,3400,3285,3370,744474
"2012-01-13",3405,3405,3340,3340,387054
"2012-01-16",3300,3325,3280,3290,428784
"2012-01-17",3370,3410,3330,3340,886898
"2012-01-18",3360,3365,3260,3260,635446
"2012-01-19",3265,3305,3245,3245,404169
"2012-01-20",3255,3275,3065,3090,1262010
"2012-01-25",3095,3205,3095,3175,650394
"2012-01-26",3200,3315,3150,3250,1098166
"2012-01-27",3310,3330,3215,3220,382628
"2012-01-30",3220,3300,3200,3220,385057
"2012-01-31",3295,3390,3265,3350,1309506
"2012-02-01",3355,3380,3300,3360,704413
"2012-02-02",3430,3430,3350,3350,814559
"2012-02-03",3360,3360,3285,3290,489785
"2012-02-06",3335,3370,3295,3325,432808
"2012-02-07",3300,3370,3300,3340,447074
"2012-02-08",3365,3370,3275,3275,556701
"2012-02-09",3270,3330,3235,3325,428538
"2012-02-10",3360,3440,3315,3395,1129357
"2012-02-13",3420,3510,3415,3445,1264261
"2012-02-14",3480,3480,3380,3425,638599
"2012-02-15",3460,3570,3395,3435,3017585
"2012-02-16",3400,3475,3380,3380,1014150
"2012-02-17",3405,3435,3355,3355,450806
"2012-02-20",3400,3445,3360,3390,640525
"2012-02-21",3380,3815,3380,3555,3475426
"2012-02-22",3670,3765,3540,3575,3716099
"2012-02-23",3520,3980,3485,3815,6322190
"2012-02-24",3800,4085,3690,3785,5401976
"2012-02-27",3780,3825,3575,3580,1679770
"2012-02-28",3580,3695,3550,3595,886251
"2012-02-29",3530,3605,3470,3485,1621549
"2012-03-02",3500,3605,3495,3550,969552
"2012-03-05",3580,3710,3555,3650,1967455
"2012-03-06",3655,3835,3630,3720,4647308
"2012-03-07",3600,3715,3595,3640,1059450
"2012-03-08",3650,3810,3650,3810,1697866
"2012-03-09",3720,3770,3510,3630,1868317
"2012-03-12",3655,3820,3655,3810,2547992
"2012-03-13",3800,3875,3725,3790,1797465
"2012-03-14",3750,3770,3635,3675,1791252
"2012-03-15",3665,3710,3630,3650,791710
"2012-03-16",3670,3780,3650,3780,1057606
"2012-03-19",3810,3815,3720,3750,1480123
"2012-03-20",3750,3770,3595,3605,1270730
"2012-03-21",3605,3710,3520,3710,997273
"2012-03-22",3780,3820,3580,3590,2530906
"2012-03-23",3610,3630,3520,3540,822142
"2012-03-26",3630,3660,3530,3540,736637
"2012-03-27",3550,3610,3460,3460,772705
"2012-03-28",3445,3570,3445,3490,837234
"2012-03-29",3490,3530,3330,3370,791670
"2012-03-30",3345,3430,3345,3420,450434
"2012-04-02",3420,3515,3380,3450,790441
"2012-04-03",3500,3565,3440,3440,994668
"2012-04-04",3480,3490,3270,3280,1074683
"2012-04-05",3200,3280,3180,3230,456164
"2012-04-06",3210,3285,3200,3245,291356
"2012-04-09",3255,3525,3250,3370,2220718
"2012-04-10",3300,3330,3160,3160,1081926
"2012-04-12",3270,3530,3245,3255,2296859
"2012-04-13",3255,3310,3180,3250,718962
"2012-04-16",3260,3300,3210,3215,424909
"2012-04-17",3225,3270,3205,3235,414912
"2012-04-18",3275,3320,3225,3235,466584
"2012-04-19",3240,3345,3235,3260,829824
"2012-04-20",3265,3275,3170,3175,487554
"2012-04-23",3180,3235,3140,3140,357962
"2012-04-24",3100,3170,3000,3015,623345
"2012-04-25",3015,3060,2920,2940,699769
"2012-04-26",2965,2985,2805,2815,646121
"2012-04-27",2820,2900,2815,2880,319345
"2012-04-30",2915,2935,2770,2780,307679
"2012-05-02",2780,2880,2775,2865,240174
"2012-05-03",2875,2930,2870,2875,162241
"2012-05-04",2875,2880,2800,2860,186319
"2012-05-07",2805,2845,2800,2815,174399
"2012-05-08",2840,2970,2840,2890,398520
"2012-05-09",2900,2915,2830,2860,207958
"2012-05-10",2835,2955,2835,2905,436622
"2012-05-11",2910,2915,2820,2825,334850
"2012-05-14",2825,2885,2675,2710,471452
"2012-05-15",2660,2675,2515,2625,439975
"2012-05-16",2580,2725,2560,2560,331481
"2012-05-17",2600,2620,2490,2500,245971
"2012-05-18",2450,2465,2295,2295,490960
"2012-05-21",2285,2395,2285,2330,285549
"2012-05-22",2370,2475,2370,2450,298109
"2012-05-23",2500,2530,2425,2430,276389
"2012-05-24",2435,2490,2420,2445,160824
"2012-05-25",2465,2545,2445,2485,249800
"2012-05-29",2485,2530,2440,2520,201073
"2012-05-30",2515,2580,2495,2495,201394
"2012-05-31",2425,2495,2420,2475,146740
"2012-06-01",2500,2520,2445,2450,136705
"2012-06-04",2345,2370,2275,2280,299129
"2012-06-05",2280,2370,2280,2315,174625
"2012-06-07",2395,2430,2355,2390,253506
"2012-06-08",2380,2430,2360,2375,124404
"2012-06-11",2415,2445,2390,2420,188445
"2012-06-12",2390,2480,2380,2460,186305
"2012-06-13",2470,2545,2470,2485,423266
"2012-06-14",2480,2510,2450,2480,132797
"2012-06-15",2540,2545,2450,2450,201757
"2012-06-18",2495,2515,2470,2490,180919
"2012-06-19",2470,2535,2460,2520,297906
"2012-06-20",2550,2560,2515,2525,230536
"2012-06-21",2510,2545,2445,2455,285802
"2012-06-22",2440,2440,2390,2420,175133
"2012-06-25",2420,2530,2415,2480,336977
"2012-06-26",2455,2500,2450,2450,172013
"2012-06-27",2470,2495,2430,2450,143867
"2012-06-28",2750,2815,2740,2815,1413130
"2012-06-29",2970,2980,2710,2750,3419276
"2012-07-02",2765,2795,2655,2700,863038
"2012-07-03",2730,2850,2705,2790,1659436
"2012-07-04",2800,2815,2700,2700,737886
"2012-07-05",2655,2725,2650,2675,598410
"2012-07-06",2705,2800,2700,2710,884514
"2012-07-09",2750,2840,2750,2760,829089
"2012-07-10",2785,2815,2715,2715,519742
"2012-07-11",2720,2745,2645,2650,310164
"2012-07-12",2675,2695,2540,2550,329669
"2012-07-13",2550,2625,2300,2465,294308
"2012-07-16",2500,2515,2450,2460,130471
"2012-07-17",2450,2500,2450,2480,137867
"2012-07-18",2480,2515,2350,2385,486509
"2012-07-19",2360,2465,2360,2415,271415
"2012-07-20",2415,2470,2415,2435,153793
"2012-07-23",2450,2450,2340,2370,201071
"2012-07-24",2345,2365,2290,2315,214072
"2012-07-25",2280,2290,2205,2215,315722
"2012-07-26",2185,2260,2185,2250,260981
"2012-07-27",2280,2300,2240,2270,148744
"2012-07-30",2340,2340,2270,2300,106967
"2012-07-31",2330,2330,2260,2315,143816
"2012-08-01",2315,2345,2285,2315,95400
"2012-08-02",2320,2355,2290,2290,111606
"2012-08-03",2265,2315,2260,2300,66760
"2012-08-06",2330,2350,2315,2340,120575
"2012-08-07",2340,2395,2325,2385,194217
"2012-08-08",2420,2525,2400,2415,506968
"2012-08-09",2470,2470,2415,2425,151449
"2012-08-10",2405,2450,2405,2420,140676
"2012-08-13",2420,2475,2410,2420,65699
"2012-08-14",2410,2510,2410,2490,254233
"2012-08-16",2505,2560,2450,2520,380568
"2012-08-17",2525,2565,2495,2500,318825
"2012-08-20",2510,2520,2440,2440,209000
"2012-08-21",2430,2480,2425,2445,163532
"2012-08-22",2460,2470,2405,2420,143660
"2012-08-23",2410,2455,2410,2420,186219
"2012-08-24",2415,2435,2400,2425,151530
"2012-08-27",2435,2515,2425,2475,230061
"2012-08-28",2455,2515,2435,2460,235573
"2012-08-29",2460,2510,2440,2510,375808
"2012-08-30",2530,2555,2435,2495,346327
"2012-08-31",2470,2530,2460,2480,163363
"2012-09-03",2500,2560,2500,2545,399002
"2012-09-04",2560,2570,2485,2485,186510
"2012-09-05",2505,2580,2465,2535,479419
"2012-09-06",2580,2725,2545,2620,1757855
"2012-09-07",2640,2640,2580,2585,349205
"2012-09-10",2625,2640,2580,2580,314214
"2012-09-11",2575,2600,2500,2530,321128
"2012-09-12",2540,2560,2515,2545,192628
"2012-09-13",2560,2695,2560,2645,1187696
"2012-09-14",2660,2680,2580,2600,351936
"2012-09-17",2630,2710,2590,2700,393333
"2012-09-18",2700,2745,2665,2725,450134
"2012-09-19",2740,2740,2670,2680,386060
"2012-09-20",2680,2710,2630,2630,313288
"2012-09-21",2655,2655,2580,2600,337286
"2012-09-24",2625,2630,2585,2590,216888
"2012-09-25",2665,2710,2590,2590,454067
"2012-09-26",2630,2765,2615,2685,1038410
"2012-09-27",2660,2695,2570,2605,493816
"2012-09-28",2620,2685,2605,2685,319074
"2012-10-02",2685,2710,2635,2640,306732
"2012-10-04",2625,2680,2605,2650,287344
"2012-10-05",2655,2660,2610,2625,239902
"2012-10-08",2640,2640,2585,2590,251947
"2012-10-09",2560,2590,2535,2535,319555
"2012-10-10",2535,2550,2475,2495,298783
"2012-10-11",2475,2525,2465,2500,147130
"2012-10-12",2515,2515,2460,2460,154934
"2012-10-15",2465,2495,2380,2415,259678
"2012-10-16",2410,2470,2375,2405,187119
"2012-10-17",2415,2455,2415,2420,116297
"2012-10-18",2430,2475,2420,2420,158564
"2012-10-19",2410,2460,2390,2430,166266
"2012-10-22",2400,2460,2400,2450,127006
"2012-10-23",2435,2475,2435,2450,146983
"2012-10-24",2450,2455,2405,2410,137377
"2012-10-25",2415,2435,2380,2395,192835
"2012-10-26",2380,2430,2350,2365,178766
"2012-10-29",2370,2400,2305,2325,167321
"2012-10-30",2315,2350,2290,2330,66397
"2012-10-31",2335,2395,2335,2370,99918
"2012-11-01",2360,2420,2345,2385,128250
"2012-11-02",2420,2450,2360,2415,111854
"2012-11-05",2415,2465,2405,2435,111317
"2012-11-06",2420,2440,2410,2425,101646
"2012-11-07",2450,2460,2410,2425,103996
"2012-11-08",2380,2425,2380,2385,95558
"2012-11-09",2390,2450,2370,2430,107286
"2012-11-12",2440,2590,2415,2570,746398
"2012-11-13",2595,2600,2455,2455,392410
"2012-11-14",2450,2475,2360,2370,334095
"2012-11-15",2350,2360,2310,2335,126978
"2012-11-16",2320,2360,2300,2310,129343
"2012-11-19",2325,2440,2310,2415,309600
"2012-11-20",2420,2490,2390,2390,91729
"2012-11-21",2435,2435,2355,2370,225658
"2012-11-22",2375,2420,2360,2360,83075
"2012-11-23",2360,2375,2310,2340,99227
"2012-11-26",2340,2405,2335,2360,128317
"2012-11-27",2355,2405,2350,2370,162840
"2012-11-28",2360,2395,2360,2385,79839
"2012-11-29",2385,2420,2370,2415,133358
"2012-11-30",2400,2430,2375,2390,132914
"2012-12-03",2390,2475,2390,2460,288992
"2012-12-04",2450,2680,2450,2510,1832032
"2012-12-05",2505,2575,2450,2500,540489
"2012-12-06",2545,2565,2465,2465,289697
"2012-12-07",2465,2475,2410,2455,364444
"2012-12-10",2450,2475,2430,2445,170379
"2012-12-11",2440,2480,2430,2430,182691
"2012-12-12",2425,2450,2415,2445,99808
"2012-12-13",2430,2475,2430,2475,151327
"2012-12-14",2470,2520,2460,2490,275791
"2012-12-17",2460,2495,2440,2450,141558
"2012-12-18",2450,2475,2435,2450,152926
"2012-12-20",2505,2515,2470,2495,173845
"2012-12-21",2480,2500,2440,2460,193255
"2012-12-24",2450,2475,2450,2470,154817
"2012-12-26",2475,2560,2475,2500,620253
"2012-12-27",2520,2530,2480,2480,187917
"2012-12-28",2480,2545,2470,2520,176222
"2013-01-02",2530,2555,2525,2535,211555
"2013-01-03",2560,2560,2510,2520,192839
"2013-01-04",2520,2545,2480,2490,265883
"2013-01-07",2510,2580,2495,2565,324881
"2013-01-08",2560,2570,2540,2560,124688
"2013-01-09",2580,2590,2535,2560,181515
"2013-01-10",2560,2710,2550,2630,783519
"2013-01-11",2670,2715,2630,2710,840726
"2013-01-14",2830,2975,2805,2830,3191908
"2013-01-15",2930,2965,2815,2820,2599033
"2013-01-16",2820,2845,2665,2700,1125793
"2013-01-17",2700,2780,2655,2705,881316
"2013-01-18",2745,2780,2695,2745,512439
"2013-01-21",2790,2840,2740,2745,420391
"2013-01-22",2715,2740,2655,2685,521913
"2013-01-23",2715,2720,2635,2660,348745
"2013-01-24",2660,2715,2635,2685,400097
"2013-01-25",2690,2715,2575,2620,460844
"2013-01-28",2620,2700,2605,2675,415503
"2013-01-29",2695,2695,2625,2680,222494
"2013-01-30",2690,2750,2670,2680,484539
"2013-01-31",2700,2710,2625,2640,233204
"2013-02-01",2655,2665,2550,2595,329975
"2013-02-04",2620,2810,2595,2740,1199257
"2013-02-05",2710,2785,2685,2710,589106
"2013-02-06",2720,2775,2695,2700,395413
"2013-02-07",2700,2740,2640,2655,412671
"2013-02-08",2660,2670,2605,2630,232539
"2013-02-12",2665,2800,2630,2730,1850445
"2013-02-13",2700,2715,2645,2660,708951
"2013-02-14",2690,2705,2640,2675,374036
"2013-02-15",2710,2765,2695,2725,588534
"2013-02-18",2725,2745,2695,2700,317151
"2013-02-19",2710,2725,2660,2680,368760
"2013-02-20",2700,2700,2665,2680,288516
"2013-02-21",2690,2840,2690,2750,2409830
"2013-02-22",2745,2765,2695,2740,473804
"2013-02-25",2755,2800,2750,2795,483223
"2013-02-26",2780,2830,2755,2785,415214
"2013-02-27",2775,2825,2765,2785,336903
"2013-02-28",2900,2935,2810,2830,1469744
"2013-03-04",2830,2830,2740,2745,745357
"2013-03-05",2760,2765,2720,2745,402783
"2013-03-06",2770,2820,2770,2775,763470
"2013-03-07",2790,2790,2720,2725,428272
"2013-03-08",2750,2800,2705,2705,601612
"2013-03-11",2705,2730,2575,2600,648984
"2013-03-12",2590,2645,2585,2605,271134
"2013-03-13",2625,2630,2580,2580,212364
"2013-03-14",2610,2650,2580,2625,405366
"2013-03-15",2620,2700,2600,2650,338804
"2013-03-18",2650,2650,2575,2575,273867
"2013-03-19",2580,2640,2580,2640,193875
"2013-03-20",2640,2645,2580,2640,230147
"2013-03-21",2650,2650,2565,2565,263466
"2013-03-22",2565,2575,2480,2500,331952
"2013-03-25",2505,2540,2505,2515,124254
"2013-03-26",2510,2560,2510,2540,144366
"2013-03-27",2555,2575,2480,2500,300974
"2013-03-28",2490,2550,2490,2500,132709
"2013-03-29",2515,2535,2505,2515,105742
"2013-04-01",2570,2630,2570,2585,551576
"2013-04-02",2600,2600,2540,2550,198935
"2013-04-03",2595,2695,2550,2650,961508
"2013-04-04",2665,2675,2515,2565,889294
"2013-04-05",2590,2710,2585,2645,1780177
"2013-04-08",2720,2960,2720,2815,6141760
"2013-04-09",2810,2830,2600,2605,2491056
"2013-04-10",2625,2640,2545,2560,1129353
"2013-04-11",2565,2630,2550,2580,1147678
"2013-04-12",2600,2620,2560,2565,656844
"2013-04-15",2645,2665,2575,2580,1088607
"2013-04-16",2580,2720,2560,2640,1742638
"2013-04-17",2640,2675,2620,2660,662456
"2013-04-18",2660,2660,2590,2605,448887
"2013-04-19",2625,2625,2495,2510,609880
"2013-04-22",2515,2585,2505,2520,386867
"2013-04-23",2530,2575,2530,2565,271895
"2013-04-24",2595,2595,2550,2550,338574
"2013-04-25",2565,2780,2565,2640,1832994
"2013-04-26",2640,2675,2610,2670,530459
"2013-04-29",2700,2730,2660,2665,588320
"2013-04-30",2690,2690,2620,2665,502737
"2013-05-02",2675,2770,2595,2770,1268154
"2013-05-03",2850,2985,2680,2720,5452376
"2013-05-06",2720,2750,2655,2655,1116258
"2013-05-07",2680,2760,2650,2680,831597
"2013-05-08",2685,2695,2640,2690,813159
"2013-05-09",2710,2755,2670,2670,854577
"2013-05-10",2690,2690,2630,2655,473000
"2013-05-13",2660,2705,2645,2660,484175
"2013-05-14",3055,3055,2710,2750,6241087
"2013-05-15",2780,2795,2720,2745,1035721
"2013-05-16",2800,3155,2745,3155,14226981
"2013-05-20",3205,3530,3200,3375,15004788
"2013-05-21",3405,3690,3370,3500,17342130
"2013-05-22",3550,3620,3300,3330,10570575
"2013-05-23",3290,3380,3170,3260,5603800
"2013-05-24",3500,3560,3115,3140,11135040
"2013-05-27",3175,3390,3135,3390,6665723
"2013-05-28",3535,3675,3225,3235,10417329
"2013-05-29",3330,3370,3180,3310,3977833
"2013-05-30",3315,3360,3175,3185,3587627
"2013-05-31",3140,3230,3035,3070,5733784
"2013-06-03",3020,3105,2915,2915,3079569
"2013-06-04",2935,2995,2775,2840,2943144
"2013-06-05",2850,2930,2810,2880,3028153
"2013-06-07",2840,2890,2715,2720,1791876
"2013-06-10",2725,2780,2690,2775,1267281
"2013-06-11",2760,2800,2645,2665,1248797
"2013-06-12",2640,2850,2640,2750,2471778
"2013-06-13",2735,2790,2650,2650,1139203
"2013-06-14",2680,2730,2580,2590,995492
"2013-06-17",2630,2700,2565,2590,1416744
"2013-06-18",2590,2685,2550,2620,897775
"2013-06-19",2635,2645,2565,2580,536213
"2013-06-20",2520,2580,2385,2385,1420075
"2013-06-21",2315,2355,2280,2350,1132929
"2013-06-24",2390,2390,2250,2250,782345
"2013-06-25",2205,2285,2060,2080,1093277
"2013-06-26",2120,2175,2080,2140,571613
"2013-06-27",2185,2260,2175,2230,691506
"2013-06-28",2230,2325,2230,2255,1152179
"2013-07-01",2230,2310,2230,2290,402442
"2013-07-02",2305,2305,2240,2240,372306
"2013-07-03",2275,2325,2220,2220,528810
"2013-07-04",2220,2285,2220,2255,443532
"2013-07-05",2270,2370,2270,2310,1173487
"2013-07-08",2320,2325,2245,2245,466345
"2013-07-09",2260,2295,2240,2285,324306
"2013-07-10",2325,2325,2225,2235,412513
"2013-07-11",2250,2305,2250,2305,408126
"2013-07-12",2320,2350,2285,2300,300060
"2013-07-15",2310,2320,2290,2305,260088
"2013-07-16",2315,2375,2315,2345,860363
"2013-07-17",2345,2365,2330,2340,295385
"2013-07-18",2350,2355,2275,2280,573857
"2013-07-19",2300,2305,2260,2280,356451
"2013-07-22",2315,2355,2295,2295,837868
"2013-07-23",2305,2330,2280,2330,473153
"2013-07-24",2335,2340,2305,2315,318486
"2013-07-25",2330,2405,2310,2395,1405924
"2013-07-26",2440,2500,2375,2375,1596078
"2013-07-29",2405,2405,2320,2325,490004
"2013-07-30",2375,2400,2320,2330,608489
"2013-07-31",2290,2310,2225,2250,1021267
"2013-08-01",2260,2275,2235,2250,323497
"2013-08-02",2260,2285,2250,2260,292257
"2013-08-05",2280,2305,2275,2275,342320
"2013-08-06",2280,2390,2270,2315,954559
"2013-08-07",2315,2345,2290,2305,417668
"2013-08-08",2310,2380,2295,2350,713941
"2013-08-09",2360,2375,2320,2340,327408
"2013-08-12",2350,2365,2310,2310,370668
"2013-08-13",2310,2330,2270,2285,355772
"2013-08-14",2285,2315,2275,2280,275104
"2013-08-16",2265,2315,2250,2290,320271
"2013-08-19",2390,2425,2320,2355,1387375
"2013-08-20",2385,2385,2285,2295,603224
"2013-08-21",2295,2320,2230,2235,586678
"2013-08-22",2205,2235,2150,2150,473706
"2013-08-23",2160,2220,2160,2205,251946
"2013-08-26",2215,2230,2195,2210,237854
"2013-08-27",2190,2215,2165,2190,227514
"2013-08-28",2145,2425,2140,2300,2887041
"2013-08-29",2330,2330,2245,2255,524863
"2013-08-30",2250,2275,2225,2235,352716
"2013-09-02",2230,2255,2215,2235,339757
"2013-09-03",2235,2300,2235,2280,288477
"2013-09-04",2305,2370,2285,2325,878897
"2013-09-05",2315,2340,2300,2305,302835
"2013-09-06",2295,2390,2285,2295,781072
"2013-09-09",2300,2325,2280,2280,256299
"2013-09-10",2295,2295,2230,2235,461276
"2013-09-11",2235,2265,2230,2235,237738
"2013-09-12",2250,2300,2240,2255,360522
"2013-09-13",2265,2310,2260,2300,511206
"2013-09-16",2305,2315,2250,2260,314008
"2013-09-17",2260,2275,2245,2245,147521
"2013-09-23",2260,2285,2245,2280,252776
"2013-09-24",2295,2310,2275,2275,321553
"2013-09-25",2300,2300,2270,2280,140425
"2013-09-26",2280,2310,2270,2310,342390
"2013-09-27",2310,2355,2305,2310,426884
"2013-09-30",2310,2310,2255,2265,319619
"2013-10-01",2260,2280,2200,2210,392159
"2013-10-02",2215,2240,2205,2240,263505
"2013-10-04",2245,2245,2195,2210,261262
"2013-10-07",2235,2265,2205,2235,199730
"2013-10-08",2230,2230,2170,2170,270962
"2013-10-10",2195,2270,2165,2165,415349
"2013-10-11",2190,2230,2180,2200,288328
"2013-10-14",2220,2225,2195,2205,116574
"2013-10-15",2240,2240,2200,2220,205034
"2013-10-16",2225,2250,2210,2210,171851
"2013-10-17",2235,2235,2160,2165,252546
"2013-10-18",2175,2185,2165,2165,150043
"2013-10-21",2170,2210,2165,2185,139195
"2013-10-22",2180,2215,2180,2210,132773
"2013-10-23",2205,2230,2195,2200,126205
"2013-10-24",2190,2235,2185,2230,158947
"2013-10-25",2235,2250,2205,2225,165549
"2013-10-28",2225,2230,2190,2195,156834
"2013-10-29",2400,2405,2250,2260,1804379
"2013-10-30",2285,2300,2245,2250,567748
"2013-10-31",2260,2275,2230,2230,324270
"2013-11-01",2230,2340,2230,2300,692129
"2013-11-04",2330,2590,2300,2500,4966935
"2013-11-05",2505,2550,2455,2525,2250367
"2013-11-06",2730,2790,2500,2520,5398888
"2013-11-07",2515,2540,2465,2500,1452596
"2013-11-08",2470,2500,2340,2355,1295061
"2013-11-11",2360,2425,2315,2350,1218500
"2013-11-12",2360,2425,2345,2375,698654
"2013-11-13",2375,2490,2370,2410,1560786
"2013-11-14",2415,2500,2395,2460,1247612
"2013-11-15",2480,2485,2390,2405,883984
"2013-11-18",2400,2405,2325,2325,644048
"2013-11-19",2340,2360,2300,2335,625184
"2013-11-20",2335,2525,2335,2375,4061973
"2013-11-21",2410,2460,2320,2325,1534151
"2013-11-22",2395,2475,2380,2440,2215725
"2013-11-25",2420,2470,2410,2465,1038549
"2013-11-26",2495,2580,2455,2470,3052909
"2013-11-27",2455,2490,2435,2480,874261
"2013-11-28",2460,2500,2415,2450,989373
"2013-11-29",2450,2455,2380,2420,645387
"2013-12-02",2465,2540,2435,2530,2706651
"2013-12-03",2640,2645,2400,2400,3306066
"2013-12-04",2405,2470,2350,2360,1650853
"2013-12-05",2350,2430,2335,2355,1313365
"2013-12-06",2410,2460,2315,2315,2013739
"2013-12-09",2335,2345,2260,2265,821023
"2013-12-10",2270,2280,2200,2215,672012
"2013-12-11",2205,2290,2200,2220,490314
"2013-12-12",2215,2240,2195,2230,363442
"2013-12-13",2225,2245,2185,2205,393877
"2013-12-16",2205,2225,2100,2100,522512
"2013-12-17",2115,2175,2110,2150,260356
"2013-12-18",2155,2170,2120,2125,132906
"2013-12-19",2130,2160,2130,2140,199935
"2013-12-20",2150,2190,2130,2175,317395
"2013-12-23",2200,2200,2140,2140,346114
"2013-12-24",2145,2165,2125,2125,152352
"2013-12-26",2140,2165,2120,2120,174281
"2013-12-27",2145,2155,2120,2135,159756
"2013-12-30",2145,2185,2135,2160,218590
"2014-01-02",2170,2270,2170,2210,839344
"2014-01-03",2205,2245,2195,2220,336678
"2014-01-06",2235,2270,2235,2260,442440
"2014-01-07",2245,2255,2210,2220,265336
"2014-01-08",2225,2255,2205,2240,216309
"2014-01-09",2230,2260,2220,2240,177452
"2014-01-10",2235,2310,2230,2250,583872
"2014-01-13",2260,2290,2250,2290,291326
"2014-01-14",2290,2290,2255,2265,139981
"2014-01-15",2270,2280,2235,2240,197216
"2014-01-16",2260,2280,2240,2280,232727
"2014-01-17",2355,2410,2305,2310,1607734
"2014-01-20",2325,2430,2305,2390,1246449
"2014-01-21",2380,2410,2325,2345,621292
"2014-01-22",2340,2450,2330,2375,953285
"2014-01-23",2380,2395,2345,2355,516187
"2014-01-24",2335,2355,2310,2325,300746
"2014-01-27",2300,2670,2285,2605,6036207
"2014-01-28",2520,2830,2405,2510,12065776
"2014-01-29",2590,2635,2495,2585,3071994
"2014-02-03",2665,2720,2525,2535,2974268
"2014-02-04",2560,2625,2430,2460,3026740
"2014-02-05",2500,2500,2295,2400,2244580
"2014-02-06",2395,2415,2310,2325,1220309
"2014-02-07",2350,2390,2335,2360,895556
"2014-02-10",2360,2395,2345,2375,583284
"2014-02-11",2390,2415,2345,2350,701693
"2014-02-12",2365,2380,2345,2355,455351
"2014-02-13",2360,2375,2345,2375,411829
"2014-02-14",2380,2440,2365,2395,628054
"2014-02-17",2445,2450,2385,2400,509902
"2014-02-18",2405,2415,2385,2390,298136
"2014-02-19",2400,2400,2350,2365,402823
"2014-02-20",2375,2390,2355,2365,305316
"2014-02-21",2380,2430,2365,2420,526453
"2014-02-24",2510,2630,2490,2510,4520477
"2014-02-25",2580,2590,2440,2475,2112235
"2014-02-26",2500,2535,2445,2460,1058707
"2014-02-27",2475,2585,2475,2515,4561464
"2014-02-28",2460,2510,2435,2435,1636741
"2014-03-03",2410,2425,2320,2350,1109685
"2014-03-04",2330,2370,2330,2340,369426
"2014-03-05",2365,2385,2345,2370,388330
"2014-03-06",2370,2380,2355,2370,327818
"2014-03-07",2370,2440,2370,2435,647731
"2014-03-10",2415,2510,2415,2450,916988
"2014-03-11",2490,2540,2470,2505,936872
"2014-03-12",2585,2745,2535,2545,5125065
"2014-03-13",2580,2685,2570,2645,3442974
"2014-03-14",2620,2740,2570,2640,2830569
"2014-03-17",2685,2935,2655,2810,7612786
"2014-03-18",2900,2925,2660,2685,4376992
"2014-03-19",2690,2700,2595,2635,1954334
"2014-03-20",2705,2710,2615,2635,1237423
"2014-03-21",2620,2655,2575,2575,1011472
"2014-03-24",2590,2625,2565,2620,742417
"2014-03-25",2600,2640,2570,2575,708807
"2014-03-26",2590,2600,2550,2600,506352
"2014-03-27",2605,2730,2590,2635,1707993
"2014-03-28",2645,2690,2620,2635,787594
"2014-03-31",2650,2710,2565,2575,1501831
"2014-04-01",2615,2820,2605,2725,5900384
"2014-04-02",2710,2720,2660,2705,1546416
"2014-04-03",2700,2760,2680,2725,1182949
"2014-04-04",2720,2720,2665,2685,732531
"2014-04-07",2660,2680,2585,2600,787304
"2014-04-08",2585,2600,2525,2565,711644
"2014-04-09",2570,2595,2535,2535,416262
"2014-04-10",2560,2610,2545,2580,483209
"2014-04-11",2550,2585,2540,2570,291083
"2014-04-14",2555,2600,2555,2590,218065
"2014-04-15",2570,2605,2560,2595,393971
"2014-04-16",2620,2690,2620,2625,961047
"2014-04-17",2630,2645,2575,2600,390133
"2014-04-18",2610,2625,2580,2625,359509
"2014-04-21",2630,2665,2615,2645,553858
"2014-04-22",2630,2690,2625,2645,618280
"2014-04-23",2690,2695,2645,2655,668551
"2014-04-24",2675,2715,2595,2625,843737
"2014-04-25",2650,2675,2550,2570,653479
"2014-04-28",2545,2555,2455,2455,728854
"2014-04-29",2470,2545,2470,2505,701434
"2014-04-30",2505,2535,2475,2490,370429
"2014-05-02",2490,2510,2475,2485,251426
"2014-05-07",2495,2515,2415,2420,474626
"2014-05-08",2430,2445,2290,2350,659550
"2014-05-09",2350,2415,2335,2390,210758
"2014-05-12",2500,2590,2460,2475,1260612
"2014-05-13",2475,2555,2460,2480,620355
"2014-05-14",2505,2510,2450,2495,414007
"2014-05-15",2540,2665,2515,2530,2507369
"2014-05-16",2515,2540,2465,2480,700451
"2014-05-19",2515,2560,2430,2430,603552
"2014-05-20",2405,2425,2320,2350,545394
"2014-05-21",2330,2410,2330,2355,188003
"2014-05-22",2365,2395,2340,2345,234019
"2014-05-23",2335,2370,2335,2350,159802
"2014-05-26",2370,2380,2340,2360,237039
"2014-05-27",2360,2390,2320,2365,363770
"2014-05-28",2385,2415,2380,2385,187970
"2014-05-29",2385,2405,2340,2350,282217
"2014-05-30",2375,2375,2310,2320,211870
"2014-06-02",2320,2320,2210,2220,378185
"2014-06-03",2220,2245,2190,2235,247174
"2014-06-05",2235,2260,2205,2220,115506
"2014-06-09",2230,2250,2195,2200,184761
"2014-06-10",2200,2285,2200,2280,191213
"2014-06-11",2295,2295,2250,2260,99281
"2014-06-12",2260,2280,2250,2275,82860
"2014-06-13",2260,2285,2255,2265,145860
"2014-06-16",2275,2290,2245,2255,114076
"2014-06-17",2260,2330,2255,2330,272588
"2014-06-18",2305,2340,2300,2305,139653
"2014-06-19",2295,2330,2280,2280,172067
"2014-06-20",2265,2300,2220,2235,216671
"2014-06-23",2240,2250,2200,2200,153650
"2014-06-24",2200,2230,2195,2220,173981
"2014-06-25",2225,2225,2155,2170,231232
"2014-06-26",2210,2245,2190,2200,222396
"2014-06-27",2240,2370,2215,2220,829337
"2014-06-30",2230,2240,2215,2235,139096
"2014-07-01",2255,2260,2225,2250,145528
"2014-07-02",2250,2265,2240,2240,195213
"2014-07-03",2290,2435,2285,2285,1575821
"2014-07-04",2315,2320,2260,2290,294040
"2014-07-07",2310,2310,2265,2265,142497
"2014-07-08",2260,2285,2250,2265,168431
"2014-07-09",2270,2295,2260,2285,184259
"2014-07-10",2295,2295,2270,2270,144323
"2014-07-11",2265,2280,2230,2230,203669
"2014-07-14",2250,2345,2230,2265,841684
"2014-07-15",2310,2315,2270,2285,452517
"2014-07-16",2280,2310,2250,2265,207530
"2014-07-17",2260,2285,2255,2270,215693
"2014-07-18",2270,2345,2260,2320,712802
"2014-07-21",2320,2345,2305,2310,205654
"2014-07-22",2320,2340,2300,2340,158280
"2014-07-23",2355,2415,2325,2335,580758
"2014-07-24",2360,2395,2285,2290,390890
"2014-07-25",2290,2325,2275,2300,184463
"2014-07-28",2300,2310,2240,2250,230181
"2014-07-29",2250,2270,2230,2240,199503
"2014-07-30",2235,2260,2215,2245,186846
"2014-07-31",2260,2275,2215,2215,195685
"2014-08-01",2190,2255,2190,2230,109801
"2014-08-04",2240,2450,2240,2400,2807951
"2014-08-05",2355,2370,2275,2275,874039
"2014-08-06",2255,2290,2240,2245,301234
"2014-08-07",2235,2275,2225,2230,314251
"2014-08-08",2220,2250,2215,2235,274576
"2014-08-11",2250,2300,2235,2250,290190
"2014-08-12",2250,2275,2230,2240,180403
"2014-08-13",2255,2265,2235,2260,143998
"2014-08-14",2270,2290,2250,2265,267841
"2014-08-18",2265,2375,2260,2310,641296
"2014-08-19",2325,2335,2285,2315,256750
"2014-08-20",2315,2360,2285,2305,474095
"2014-08-21",2315,2315,2260,2285,255947
"2014-08-22",2340,2345,2280,2280,337277
"2014-08-25",2300,2310,2270,2270,174360
"2014-08-26",2275,2290,2270,2275,210275
"2014-08-27",2295,2370,2280,2335,704393
"2014-08-28",2335,2360,2305,2315,166544
"2014-08-29",2320,2335,2285,2285,207783
"2014-09-01",2280,2290,2235,2245,334805
"2014-09-02",2270,2275,2245,2265,149849
"2014-09-03",2280,2310,2255,2260,368288
"2014-09-04",2260,2305,2240,2250,333140
"2014-09-05",2260,2285,2245,2285,186480
"2014-09-11",2370,2390,2295,2345,1058117
"2014-09-12",2345,2465,2305,2360,3177718
"2014-09-15",2360,2365,2305,2320,416389
"2014-09-16",2330,2340,2290,2305,482554
"2014-09-17",2395,2425,2330,2365,1720595
"2014-09-18",2385,2430,2350,2360,850504
"2014-09-19",2360,2405,2340,2400,360526
"2014-09-22",2400,2430,2380,2390,581757
"2014-09-23",2380,2395,2295,2300,769164
"2014-09-24",2305,2345,2305,2340,228727
"2014-09-25",2350,2355,2305,2320,222638
"2014-09-26",2300,2355,2280,2345,379710
"2014-09-29",2370,2385,2305,2320,419713
"2014-09-30",2315,2355,2315,2355,258172
"2014-10-01",2355,2425,2325,2330,1083183
"2014-10-02",2310,2330,2280,2305,412298
"2014-10-06",2335,2435,2285,2370,755186
"2014-10-07",2385,2400,2350,2400,305048
"2014-10-08",2380,2435,2380,2410,369547
"2014-10-10",2440,2520,2400,2400,1882156
"2014-10-13",2410,2485,2350,2395,1511060
"2014-10-14",2420,2665,2405,2635,7388301
"2014-10-15",2860,2885,2580,2585,6401412
"2014-10-16",2650,2740,2585,2610,3828525
"2014-10-17",2680,2795,2635,2770,4122606
"2014-10-20",2880,2980,2565,2590,7445540
"2014-10-21",2545,2560,2415,2445,2960660
"2014-10-22",2470,2515,2415,2495,2431632
"2014-10-23",2485,2555,2375,2380,1607269
"2014-10-24",2400,2455,2390,2435,1172727
"2014-10-27",2420,2445,2315,2325,1294336
"2014-10-28",2330,2475,2325,2375,1900951
"2014-10-29",2400,2415,2370,2370,427459
"2014-10-30",2375,2390,2330,2350,377596
"2014-10-31",2350,2380,2345,2370,424699
"2014-11-03",2375,2405,2350,2350,371268
"2014-11-04",2380,2380,2310,2315,538674
"2014-11-05",2310,2350,2280,2280,425095
"2014-11-06",2270,2335,2200,2290,445179
"2014-11-07",2310,2320,2270,2315,225997
"2014-11-10",2330,2360,2320,2335,335691
"2014-11-11",2325,2340,2320,2335,206357
"2014-11-12",2335,2345,2320,2325,192741
"2014-11-13",2335,2350,2305,2320,226211
"2014-11-14",2325,2330,2280,2290,251758
"2014-11-17",2300,2340,2280,2290,188942
"2014-11-18",2285,2310,2280,2285,222688
"2014-11-19",2315,2355,2310,2325,415154
"2014-11-20",2325,2355,2295,2315,376677
"2014-11-21",2310,2330,2295,2295,243525
"2014-11-24",2300,2325,2285,2300,310352
"2014-11-25",2295,2310,2280,2290,208658
"2014-11-26",2305,2305,2280,2280,150336
"2014-11-27",2290,2295,2275,2280,178419
"2014-11-28",2280,2285,2255,2265,233775
"2014-12-01",2250,2255,2175,2180,440873
"2014-12-02",2170,2195,2160,2185,142285
"2014-12-03",2200,2235,2185,2225,83427
"2014-12-04",2205,2240,2205,2235,27728
"2014-12-05",2220,2240,2195,2210,133295
"2014-12-08",2225,2240,2210,2230,92839
"2014-12-09",2240,2240,2180,2210,148717
"2014-12-10",2205,2210,2170,2170,198293
"2014-12-11",2155,2170,2125,2140,213767
"2014-12-12",2140,2165,2110,2110,176227
"2014-12-15",2095,2170,2090,2170,180323
"2014-12-16",2190,2215,2160,2215,205702
"2014-12-17",2215,2215,2170,2200,137993
"2014-12-18",2185,2265,2145,2180,304779
"2014-12-19",2205,2235,2190,2190,127254
"2014-12-22",2200,2220,2190,2220,117988
"2014-12-23",2220,2245,2190,2200,86582
"2014-12-24",2195,2230,2190,2215,128105
"2014-12-26",2200,2235,2195,2200,119122
"2014-12-29",2200,2235,2200,2215,103458
"2014-12-30",2235,2245,2220,2225,136638
"2015-01-02",2225,2225,2195,2205,118763
"2015-01-05",2205,2275,2200,2225,282664
"2015-01-06",2225,2305,2205,2290,438326
"2015-01-07",2290,2315,2265,2285,248776
"2015-01-08",2300,2305,2265,2265,185668
"2015-01-09",2270,2310,2265,2285,227370
"2015-01-12",2265,2290,2255,2265,155959
"2015-01-13",2265,2295,2250,2250,138320
"2015-01-14",2280,2280,2235,2255,131379
"2015-01-15",2260,2290,2245,2285,183422
"2015-01-16",2280,2280,2240,2255,178272
"2015-01-19",2260,2295,2245,2270,168866
"2015-01-20",2275,2290,2265,2280,123241
"2015-01-21",2265,2290,2250,2290,190914
"2015-01-22",2300,2315,2270,2275,298737
"2015-01-23",2280,2310,2270,2300,216467
"2015-01-26",2300,2300,2275,2280,130206
"2015-01-27",2290,2290,2270,2275,147616
"2015-01-28",2280,2335,2265,2325,658955
"2015-01-29",2330,2335,2300,2315,241016
"2015-01-30",2320,2330,2290,2305,162394
"2015-02-02",2305,2315,2290,2305,180349
"2015-02-03",2305,2350,2285,2325,276800
"2015-02-04",2315,2340,2310,2335,237110
"2015-02-05",2345,2380,2320,2370,473961
"2015-02-06",2375,2400,2345,2360,520901
"2015-02-09",2360,2370,2305,2325,397954
"2015-02-10",2340,2345,2310,2320,236240
"2015-02-11",2330,2345,2310,2325,255966
"2015-02-12",2320,2335,2310,2315,178631
"2015-02-13",2315,2335,2205,2265,1077579
"2015-02-16",2295,2320,2265,2315,315623
"2015-02-17",2335,2350,2310,2345,317957
"2015-02-23",2555,2595,2420,2430,3402105
"2015-02-24",2455,2475,2390,2430,1015751
"2015-02-25",2500,2515,2425,2425,1094507
"2015-02-26",2405,2450,2405,2445,435923
"2015-02-27",2445,2500,2430,2500,984616
"2015-03-02",2530,2540,2465,2515,786651
"2015-03-03",2525,2530,2485,2515,612644
"2015-03-04",2525,2530,2480,2495,506252
"2015-03-05",2485,2505,2455,2480,357819
"2015-03-06",2470,2485,2440,2465,353855
"2015-03-09",2450,2465,2430,2455,251853
"2015-03-10",2465,2500,2435,2500,337528
"2015-03-11",2480,2495,2450,2450,383320
"2015-03-12",2455,2490,2450,2480,219574
"2015-03-13",2485,2505,2455,2475,283896
"2015-03-16",2485,2565,2480,2540,1037781
"2015-03-17",2550,2555,2510,2510,451458
"2015-03-18",2515,2525,2470,2470,462656
"2015-03-19",2475,2505,2450,2460,305492
"2015-03-20",2465,2495,2450,2465,327280
"2015-03-23",2485,2500,2465,2470,341784
"2015-03-24",2480,2565,2480,2515,1123909
"2015-03-25",2515,2545,2490,2490,471570
"2015-03-26",2490,2505,2445,2445,336552
"2015-03-27",2445,2475,2425,2430,363925
"2015-03-30",2460,2485,2400,2480,546539
"2015-03-31",2475,2495,2475,2485,334578
"2015-04-01",2490,2775,2485,2735,4834369
"2015-04-02",2870,2950,2590,2630,5566093
"2015-04-03",2620,2660,2590,2615,1146067
"2015-04-06",2615,2695,2610,2660,1028873
"2015-04-07",2670,2670,2590,2610,864145
"2015-04-08",2610,2670,2610,2650,614114
"2015-04-09",2670,2685,2630,2630,599822
"2015-04-10",2635,2865,2625,2810,2654890
"2015-04-13",2860,3230,2820,3230,5492570
"2015-04-14",3330,3550,3230,3410,9517778
"2015-04-15",3420,3615,3290,3485,4836952
"2015-04-16",3540,3725,3425,3425,4704942
"2015-04-17",3935,3935,3850,3935,2150408
"2015-04-20",4050,4525,4035,4525,9073006
"2015-04-21",4735,4930,4440,4495,7835462
"2015-04-22",4515,4780,3825,4260,8813641
"2015-04-23",4465,4895,4100,4895,11799075
"2015-04-24",4950,4990,4390,4400,7850257
"2015-04-27",4380,4595,4300,4460,2549878
"2015-04-28",4525,4730,4285,4340,3739608
"2015-04-29",4345,4680,4200,4355,3486942
"2015-04-30",4355,4565,4205,4225,1556575
"2015-05-04",4200,4275,3835,3890,2055126
"2015-05-06",3890,4325,3850,4030,3494681
"2015-05-07",3900,4340,3900,4280,2556939
"2015-05-08",4280,4580,4260,4440,2121283
"2015-05-11",4560,4680,4435,4635,1527418
"2015-05-12",4635,4695,4410,4550,1125882
"2015-05-13",4550,4980,4480,4750,3590880
"2015-05-14",4710,4925,4635,4715,1624932
"2015-05-15",4730,5420,4730,5420,5937483
"2015-05-18",5340,5420,4670,4700,5461996
"2015-05-19",4760,5370,4760,5160,4156452
"2015-05-20",5200,5670,4985,5300,3962267
"2015-05-21",5500,6090,5490,6090,6863665
"2015-05-22",6340,6940,6270,6400,7784426
"2015-05-26",6600,6990,6040,6370,5798040
"2015-05-27",6510,6820,6050,6420,5817525
"2015-05-28",6460,6790,6340,6630,4133453
"2015-05-29",6710,7620,6600,7620,9114932
"2015-06-01",8200,8560,7480,7950,12875626
"2015-06-02",8510,9140,8450,9140,12279219
"2015-06-03",9140,10100,7860,8010,23672844
"2015-06-04",8160,8490,6810,6930,21613813
"2015-06-05",7390,7620,6370,6970,16092193
"2015-06-08",6820,7100,6050,6200,7632683
"2015-06-09",6200,6450,6020,6290,6344649
"2015-06-10",6400,6570,5830,5830,5814136
"2015-06-11",5900,6150,5460,5650,5610642
"2015-06-12",5690,5730,5080,5160,4910765
"2015-06-15",5290,5530,5120,5230,5626600
"2015-06-16",5380,5390,4850,4860,3415125
"2015-06-17",4925,5760,4920,5570,8184023
"2015-06-18",5570,5610,5210,5280,3123819
"2015-06-19",5350,5660,5030,5080,3562020
"2015-06-22",4875,5430,4780,5220,2751824
"2015-06-23",5250,5680,5230,5420,2995716
"2015-06-24",5440,5710,5310,5430,2193499
"2015-06-25",5530,5610,5300,5350,1544819
"2015-06-26",5300,5340,5040,5070,1680858
"2015-06-29",5000,5190,4620,4750,1404307
"2015-06-30",4665,4890,4470,4880,1229625
"2015-07-01",4930,5060,4765,4845,1397350
"2015-07-02",4885,4905,4750,4750,897282
"2015-07-03",4755,4810,4505,4545,1374018
"2015-07-06",4470,5090,4390,4815,2617278
"2015-07-07",4895,4935,4325,4380,1486897
"2015-07-08",4535,4985,4535,4670,2771867
"2015-07-09",4600,4890,4525,4870,1416437
"2015-07-10",4910,5330,4875,5110,2603012
"2015-07-13",5190,5510,5160,5470,3099782
"2015-07-14",5600,5950,5600,5820,3923094
"2015-07-15",6150,6690,5820,5880,6163519
"2015-07-16",5900,5920,5390,5540,2438945
"2015-07-17",5610,5900,5430,5680,2124616
"2015-07-20",5840,6430,5800,6220,4106422
"2015-07-21",6260,6520,6090,6270,2672963
"2015-07-22",6320,6550,6270,6410,2925679
"2015-07-23",6420,6480,5990,6060,1846950
"2015-07-24",5980,6210,5850,6010,1327601
"2015-07-27",5820,5980,5550,5550,1204783
"2015-07-28",5450,5750,5200,5690,1052902
"2015-07-29",5710,5800,5240,5240,932140
"2015-07-30",5200,5430,5030,5160,868189
"2015-07-31",5090,5270,4945,5130,588011
"2015-08-03",5160,5390,5110,5150,577438
"2015-08-04",5090,5520,5090,5510,915189
"2015-08-05",5670,5910,5620,5650,1479725
"2015-08-06",5690,5810,5560,5790,698444
"2015-08-07",5800,5810,5520,5520,796063
"2015-08-10",5590,5730,5440,5500,585709
"2015-08-11",5560,6190,5470,5700,3546058
"2015-08-12",5750,6000,5480,5850,2477599
"2015-08-13",5930,5990,5670,5730,1018626
"2015-08-17",5840,5960,5720,5790,1038561
"2015-08-18",5850,5890,5040,5040,1569506
"2015-08-19",4930,5240,4800,4995,1327531
"2015-08-20",4810,5150,4810,4950,785285
"2015-08-21",4905,5390,4650,4650,2288389
"2015-08-24",4600,4780,4350,4355,1020063
"2015-08-25",4480,4700,4285,4640,1103708
"2015-08-26",4685,4925,4610,4870,1056852
"2015-08-27",4960,5030,4850,4870,757413
"2015-08-28",4970,4970,4710,4820,658696
"2015-08-31",4850,4875,4665,4680,565809
"2015-09-01",4700,4915,4680,4690,631530
"2015-09-02",4520,4700,4500,4630,465188
"2015-09-03",4800,4810,4490,4550,559195
"2015-09-04",4600,4625,4160,4205,852096
"2015-09-07",4180,4350,4155,4215,513715
"2015-09-08",4180,4240,3935,3950,829123
"2015-09-09",4110,4285,4050,4225,770540
"2015-09-10",4180,4300,4135,4290,361933
"2015-09-11",4305,4335,4210,4220,345746
"2015-09-14",4300,4300,4120,4170,363728
"2015-09-15",4170,4200,4120,4165,349262
"2015-09-16",4230,4580,4175,4340,1314588
"2015-09-17",4390,4575,4365,4415,780636
"2015-09-18",4435,4575,4425,4515,466658
"2015-09-21",4470,4900,4405,4715,1012774
"2015-09-22",4750,4975,4730,4745,1194489
"2015-09-23",4690,4740,4540,4545,559491
"2015-09-24",4550,4675,4450,4450,444835
"2015-09-25",4475,4540,4350,4480,264016
"2015-09-30",4425,4470,4355,4430,264220
"2015-10-01",4500,4645,4470,4565,329093
"2015-10-02",4550,4615,4455,4480,259047
"2015-10-05",4510,4510,4410,4420,292139
"2015-10-06",4735,5590,4545,5330,7219157
"2015-10-07",5420,5640,4835,4835,2859816
"2015-10-08",4930,5030,4700,4815,1068949
"2015-10-12",4800,4920,4705,4710,697680
"2015-10-13",4900,5380,4840,4890,3367857
"2015-10-14",4890,4930,4765,4765,552773
"2015-10-15",4710,4980,4710,4850,891537
"2015-10-16",4850,5070,4825,5010,771590
"2015-10-19",5210,5290,4995,4995,1039456
"2015-10-20",5080,5110,4970,5000,550005
"2015-10-21",5060,5110,4900,4900,569648
"2015-10-22",4900,4980,4800,4810,633569
"2015-10-23",4890,4900,4765,4765,370131
"2015-10-26",4790,4925,4780,4830,382727
"2015-10-27",4875,5140,4835,4925,1034235
"2015-10-28",4955,5070,4910,4985,592062
"2015-10-29",5030,5030,4875,4885,402921
"2015-10-30",4930,5020,4880,4930,511706
"2015-11-02",4945,5030,4925,4925,446998
"2015-11-03",4900,4950,4685,4685,785550
"2015-11-04",4725,4725,4485,4565,568262
"2015-11-05",4600,4650,4510,4595,361888
"2015-11-06",4565,4600,4480,4485,358351
"2015-11-09",4470,4485,4200,4200,518009
"2015-11-10",4100,4400,4015,4265,445305
"2015-11-11",4205,4370,4205,4320,223084
"2015-11-12",4310,4475,4245,4345,280844
"2015-11-13",4270,4320,4200,4260,250901
"2015-11-16",4125,4135,4055,4070,336194
"2015-11-17",4120,4155,4080,4130,237944
"2015-11-18",4175,4335,4140,4270,390642
"2015-11-19",4270,4280,4200,4220,223408
"2015-11-20",4230,4290,4210,4280,177881
"2015-11-23",4280,4365,4270,4285,217621
"2015-11-24",4270,4300,4205,4250,122786
"2015-11-25",4280,4280,4200,4210,158150
"2015-11-26",4200,4350,4190,4335,229540
"2015-11-27",4330,4375,4270,4295,145087
"2015-11-30",4320,4345,4185,4195,136988
"2015-12-01",4210,4260,4190,4200,125641
"2015-12-02",4230,4395,4195,4295,369961
"2015-12-03",4295,4310,4200,4240,155954
"2015-12-04",4230,4240,4150,4190,228872
"2015-12-07",4180,4235,4105,4140,193274
"2015-12-08",4130,4150,4000,4000,309622
"2015-12-09",3980,4070,3810,3820,345113
"2015-12-10",3740,3840,3640,3670,429926
"2015-12-11",3700,3750,3665,3670,162637
"2015-12-14",3600,3600,3355,3370,387552
"2015-12-15",3330,3485,3330,3460,152118
"2015-12-16",3475,3635,3475,3620,216243
"2015-12-17",3620,3740,3620,3670,154351
"2015-12-18",3655,3750,3605,3680,194427
"2015-12-21",3700,3820,3650,3770,193219
"2015-12-22",3820,4165,3820,3860,771514
"2015-12-23",3930,3960,3750,3870,292532
"2015-12-24",3940,3940,3815,3815,193442
"2015-12-28",3830,3830,3700,3760,194358
"2015-12-29",3800,4060,3710,3930,386907
"2015-12-30",3920,4015,3905,4015,115530
"2016-01-04",4015,4175,3975,4050,297651
"2016-01-05",3955,4060,3945,4025,179385
"2016-01-06",4055,4335,3960,4050,1125594
"2016-01-07",4055,4125,3985,4000,252264
"2016-01-08",4035,4035,3900,3950,335567
"2016-01-11",4050,4220,3965,4200,675446
"2016-01-12",4225,4250,4135,4140,420032
"2016-01-13",4150,4215,4150,4170,192830
"2016-01-14",4120,4140,4000,4030,252773
"2016-01-15",4180,4200,3980,3985,355728
"2016-01-18",3995,4390,3985,4255,1625555
"2016-01-19",4320,4340,4135,4175,442199
"2016-01-20",4165,4200,3900,3965,418734
"2016-01-21",3885,3980,3720,3720,430265
"2016-01-22",3800,3835,3650,3710,305397
"2016-01-25",3800,3925,3725,3915,263316
"2016-01-26",3885,3970,3860,3890,155757
"2016-01-27",3980,4070,3900,3950,248516
"2016-01-28",3995,4060,3925,3965,212187
"2016-01-29",3980,4145,3935,4110,380005
"2016-02-01",4215,4370,4060,4175,872110
"2016-02-02",4175,4215,4100,4150,272736
"2016-02-03",4080,4190,4070,4120,237686
"2016-02-04",4130,4950,4100,4295,7833264
"2016-02-05",4240,4285,4125,4140,901074
"2016-02-11",4140,4850,4045,4475,9750883
"2016-02-12",4550,4735,4155,4200,3934285
"2016-02-15",4320,4485,4250,4390,1718874
"2016-02-16",4515,4625,4350,4425,1216683
"2016-02-17",4445,4505,4280,4400,820653
"2016-02-18",4460,4520,4385,4475,848015
"2016-02-19",4595,4635,4435,4450,1093444
"2016-02-22",4430,4520,4385,4520,494146
"2016-02-23",4590,4610,4405,4470,790911
"2016-02-24",4385,4490,4360,4390,372625
"2016-02-25",4400,4500,4330,4330,486206
"2016-02-26",4355,4545,4340,4500,809041
"2016-02-29",4540,4555,4460,4480,409813
"2016-03-02",4545,4570,4490,4510,351913
"2016-03-03",4515,4685,4500,4685,1069911
"2016-03-04",4725,4820,4675,4785,1072875
"2016-03-07",4970,5250,4735,4735,3902338
"2016-03-08",4740,4785,4505,4540,1061173
"2016-03-09",4575,4590,4495,4495,508462
"2016-03-10",4490,4590,4475,4540,347418
"2016-03-11",4505,4545,4425,4480,352447
"2016-03-14",4500,4525,4415,4440,289286
"2016-03-15",4440,4440,4350,4360,288790
"2016-03-16",4360,4445,4350,4415,212631
"2016-03-17",4415,4530,4415,4470,311328
"2016-03-18",4490,4520,4425,4445,243765
"2016-03-21",4455,4500,4375,4385,262615
"2016-03-22",4445,4680,4400,4470,1812308
"2016-03-23",4470,4480,4390,4390,407811
"2016-03-24",4435,4475,4380,4380,277595
"2016-03-25",4345,4415,4330,4330,295258
"2016-03-28",4330,4395,4295,4330,221855
"2016-03-29",4340,4480,4335,4440,321674
"2016-03-30",4480,4535,4455,4465,383005
"2016-03-31",4470,4490,4395,4430,197993
"2016-04-01",4455,4455,4355,4355,230221
"2016-04-04",4355,4445,4300,4380,201347
"2016-04-05",4350,4405,4330,4365,169287
"2016-04-06",4365,4365,4305,4320,179489
"2016-04-07",4385,4385,4235,4260,311689
"2016-04-08",4285,4285,4170,4215,219331
"2016-04-11",4285,4295,4200,4225,200318
"2016-04-12",4235,4275,4170,4225,180990
"2016-04-14",4250,4260,4190,4205,192745
"2016-04-15",4180,4225,4170,4180,190107
"2016-04-18",4200,4380,4200,4300,664716
"2016-04-19",4430,4465,4330,4365,476911
"2016-04-20",4395,4410,4305,4335,206955
"2016-04-21",4360,4360,4280,4290,224317
"2016-04-22",4335,4360,4290,4360,189279
"2016-04-25",4420,4580,4400,4400,1284205
"2016-04-26",4400,4430,4360,4385,263862
"2016-04-27",4415,4450,4320,4320,325815
"2016-04-28",4325,4330,4245,4295,279366
"2016-04-29",4295,4305,4240,4260,185078
"2016-05-02",4275,4275,4200,4210,203634
"2016-05-03",4240,4260,4195,4200,161773
"2016-05-04",4200,4250,4165,4205,145252
"2016-05-09",4205,4465,4200,4300,960531
"2016-05-10",4290,4305,4240,4285,211244
"2016-05-11",4300,4340,4260,4270,222165
"2016-05-12",4215,4250,4185,4210,311908
"2016-05-13",4235,4235,4140,4140,227024
"2016-05-16",4140,4145,3960,4015,423994
"2016-05-17",4000,4045,3900,3905,358359
"2016-05-18",3905,3985,3740,3750,349697
"2016-05-19",3715,3850,3700,3735,205296
"2016-05-20",3750,3810,3730,3750,150373
"2016-05-23",3730,3790,3730,3765,194112
"2016-05-24",3810,3815,3600,3600,372860
"2016-05-25",3620,3780,3620,3650,401265
"2016-05-26",3665,3710,3630,3630,197382
"2016-05-27",3630,3720,3630,3640,227254
"2016-05-30",3650,3755,3650,3710,196426
"2016-05-31",3735,4085,3720,3895,1100429
"2016-06-01",4020,4520,3970,4115,10745404
"2016-06-02",4165,4170,3995,4000,1035651
"2016-06-03",4085,4105,3980,3990,609983
"2016-06-07",3995,4050,3920,4015,456855
"2016-06-08",4035,4045,3940,3945,289911
"2016-06-09",3990,3995,3755,3840,430005
"2016-06-10",3910,4070,3870,3875,411037
"2016-06-13",3910,3925,3815,3835,172500
"2016-06-14",3805,3835,3730,3740,191081
"2016-06-15",3830,3830,3675,3715,203017
"2016-06-16",3725,3780,3645,3650,226598
"2016-06-17",3650,3740,3610,3640,218470
"2016-06-20",3655,3850,3655,3735,143549
"2016-06-21",3750,3785,3675,3700,139124
"2016-06-22",3735,3735,3680,3700,121982
"2016-06-23",3710,3720,3660,3670,205299
"2016-06-24",3700,3715,3315,3390,417995
"2016-06-27",3155,3325,3150,3310,618637
"2016-06-28",3250,3480,3250,3400,234919
"2016-06-29",3445,3530,3425,3515,152027
"2016-06-30",3555,3770,3500,3540,688235
"2016-07-01",3535,3605,3535,3555,104493
"2016-07-04",3600,3600,3555,3555,90084
"2016-07-05",3560,3595,3515,3550,116846
"2016-07-06",3525,3550,3450,3450,167111
"2016-07-07",3500,3525,3460,3505,106350
"2016-07-08",3530,3530,3475,3510,116090
"2016-07-11",3510,3615,3510,3555,154000
"2016-07-12",3530,3590,3530,3565,115054
"2016-07-13",3610,3615,3560,3570,171439
"2016-07-14",3560,3620,3530,3590,203082
"2016-07-15",3630,3655,3605,3610,244876
"2016-07-18",3610,3640,3605,3625,88866
"2016-07-19",3640,3645,3575,3590,118807
"2016-07-20",3580,3600,3570,3590,112800
"2016-07-21",3590,3630,3570,3590,190742
"2016-07-22",3590,3790,3575,3650,586643
"2016-07-25",3650,3665,3610,3625,111390
"2016-07-26",3635,3655,3585,3600,110801
"2016-07-27",3595,3635,3580,3580,96702
"2016-07-28",3580,3620,3570,3590,82035
"2016-07-29",3575,3700,3575,3660,198051
"2016-08-01",3660,3695,3620,3640,118122
"2016-08-02",3670,3715,3620,3705,233793
"2016-08-03",3665,3725,3635,3695,118294
"2016-08-04",3705,3735,3655,3660,159468
"2016-08-05",3650,3700,3650,3670,94410
"2016-08-08",3675,3700,3650,3685,115246
"2016-08-09",3695,3695,3620,3675,109753
"2016-08-10",3680,3710,3670,3690,111015
"2016-08-11",3690,3780,3685,3710,276300
"2016-08-12",3730,3730,3670,3685,129011
"2016-08-16",3715,3715,3655,3685,99426
"2016-08-17",3660,3690,3550,3590,234419
"2016-08-18",3575,3625,3565,3565,106928
"2016-08-19",3565,3595,3520,3575,88828
"2016-08-22",3590,3615,3540,3550,102502
"2016-08-23",3575,3590,3525,3530,96566
"2016-08-24",3575,3575,3525,3540,50774
"2016-08-25",3570,3570,3445,3470,163361
"2016-08-26",3470,3490,3395,3455,121071
"2016-08-29",3500,3500,3315,3320,178351
"2016-08-30",3275,3450,3275,3335,108920
"2016-08-31",3360,3420,3335,3365,71670
"2016-09-01",3305,3420,3305,3365,55109
"2016-09-02",3365,3440,3365,3425,79190
"2016-09-05",3430,3470,3415,3450,86868
"2016-09-06",3450,3495,3435,3450,98878
"2016-09-07",3490,3495,3425,3430,122351
"2016-09-08",3405,3450,3335,3345,135270
"2016-09-09",3325,3390,3300,3370,111304
"2016-09-12",3290,3355,3285,3300,89728
"2016-09-13",3320,3370,3305,3350,58121
"2016-09-19",3395,3395,3320,3340,94761
"2016-09-20",3325,3400,3310,3400,76869
"2016-09-21",3430,3675,3430,3615,475160
"2016-09-22",3655,3775,3605,3725,755042
"2016-09-23",3890,4275,3740,3740,3223504
"2016-09-26",3860,4860,3780,4655,20127340
"2016-09-27",4450,4500,3900,4150,7003091
"2016-09-28",4100,4160,3875,3890,3079159
"2016-09-29",3870,4075,3850,3880,1321069
"2016-09-30",3835,3890,3735,3740,985873
"2016-10-04",3740,3895,3740,3840,735289
"2016-10-05",3920,3995,3850,3880,1010396
"2016-10-06",3845,3980,3845,3880,649579
"2016-10-07",4020,4080,3865,3875,1452561
"2016-10-10",3875,3885,3805,3810,404488
"2016-10-11",3860,3870,3650,3680,699043
"2016-10-12",3715,3880,3680,3810,517850
"2016-10-13",3805,3905,3765,3825,442056
"2016-10-14",3860,3960,3825,3825,661053
"2016-10-17",3825,3910,3810,3830,348769
"2016-10-18",3845,4030,3830,3900,845621
"2016-10-19",3935,3955,3870,3880,389891
"2016-10-20",3880,3955,3815,3815,652121
"2016-10-21",3800,4000,3735,3810,854017
"2016-10-24",3855,3860,3775,3800,265365
"2016-10-25",3790,3795,3640,3710,449533
"2016-10-26",3665,3710,3480,3545,571006
"2016-10-27",3525,3640,3525,3575,231612
"2016-10-28",3625,3625,3480,3510,213110
"2016-10-31",3460,3490,3320,3335,330247
"2016-11-01",3330,3430,3315,3365,191868
"2016-11-02",3380,3395,3230,3250,266456
"2016-11-03",3180,3320,3180,3315,160395
"2016-11-04",3345,3370,3305,3345,111619
"2016-11-07",3365,3415,3365,3395,167747
"2016-11-08",3395,3435,3380,3415,144803
"2016-11-09",3435,3985,3160,3500,5108354
"2016-11-10",3480,3540,3350,3435,1012264
"2016-11-11",3465,3500,3425,3440,298452
"2016-11-14",3430,3530,3425,3490,310971
"2016-11-15",3490,3510,3415,3415,195596
"2016-11-16",3460,3515,3400,3495,196851
"2016-11-17",3495,3510,3425,3470,219578
"2016-11-18",3470,3480,3415,3415,135976
"2016-11-21",3465,3570,3425,3435,465050
"2016-11-22",3470,3475,3430,3455,176233
"2016-11-23",3460,3490,3320,3320,282307
"2016-11-24",3310,3385,3300,3340,167131
"2016-11-25",3365,3400,3350,3355,98503
"2016-11-28",3360,3395,3315,3365,100473
"2016-11-29",3335,3405,3265,3290,219355
"2016-11-30",3335,3340,3270,3285,83817
"2016-12-01",3285,3325,3195,3250,230814
"2016-12-02",3200,3245,3200,3215,97758
"2016-12-05",3150,3385,3070,3100,515432
"2016-12-06",3120,3185,3120,3155,83393
"2016-12-07",3170,3190,3075,3100,130001
"2016-12-08",3115,3155,3080,3120,130027
"2016-12-09",3120,3240,3120,3160,153125
"2016-12-12",3200,3315,3170,3305,233355
"2016-12-13",3300,3340,3260,3300,140542
"2016-12-14",3290,3340,3290,3325,107993
"2016-12-15",3310,3380,3285,3370,132080
"2016-12-16",3400,3725,3360,3475,1764826
"2016-12-19",3525,3550,3440,3530,308628
"2016-12-20",3530,3610,3460,3520,466369
"2016-12-21",3500,3605,3500,3575,289648
"2016-12-22",3575,3610,3445,3445,203603
"2016-12-23",3450,3500,3380,3495,158616
"2016-12-26",3465,3530,3410,3425,121138
"2016-12-27",3420,3470,3390,3425,105541
"2016-12-28",3410,3470,3410,3470,94539
"2016-12-29",3465,3465,3420,3450,77040
"2017-01-02",3450,3495,3430,3495,100311
"2017-01-03",3500,3630,3500,3580,351811
"2017-01-04",3615,3650,3580,3610,219612
"2017-01-05",3610,3630,3570,3610,175353
"2017-01-06",3615,3640,3575,3630,140029
"2017-01-09",3630,3680,3585,3605,155257
"2017-01-10",3605,3680,3580,3620,221076
"2017-01-11",3605,3610,3530,3555,161636
"2017-01-12",3540,3565,3465,3475,157414
"2017-01-13",3450,3520,3415,3435,165672
"2017-01-16",3435,3450,3375,3375,159556
"2017-01-17",3375,4030,3375,3630,9108824
"2017-01-18",3675,3680,3490,3505,1556780
"2017-01-19",3535,3555,3455,3475,468166
"2017-01-20",3500,3515,3430,3430,363323
"2017-01-23",3420,3445,3380,3380,304419
"2017-01-24",3365,3365,3300,3300,313842
"2017-01-25",3300,3350,3290,3290,166453
"2017-01-26",3290,3340,3290,3340,113596
"2017-01-31",3340,3545,3310,3440,539098
"2017-02-01",3435,3490,3385,3440,136545
"2017-02-02",3410,3410,3315,3315,312548
"2017-02-03",3310,3375,3290,3290,199193
"2017-02-06",3295,3390,3290,3365,126645
"2017-02-07",3390,3390,3330,3365,95517
"2017-02-08",3345,3395,3300,3395,92805
"2017-02-09",3375,3425,3355,3425,155429
"2017-02-10",3445,3500,3400,3430,258710
"2017-02-13",3450,3480,3420,3420,125464
"2017-02-14",3455,3455,3420,3440,98669
"2017-02-15",3440,3450,3400,3430,160437
"2017-02-16",3425,3440,3375,3385,175637
"2017-02-17",3385,3385,3335,3340,155761
"2017-02-20",3330,3395,3330,3380,92025
"2017-02-21",3395,3425,3360,3410,143249
"2017-02-22",3405,3425,3385,3405,93152
"2017-02-23",3405,3415,3365,3365,97357
"2017-02-24",3340,3375,3325,3335,138445
"2017-02-27",3335,3395,3335,3380,106550
"2017-02-28",3380,3395,3340,3370,104837
"2017-03-02",3370,3425,3350,3425,149098
"2017-03-03",3440,3630,3365,3380,1894217
"2017-03-06",3380,3450,3360,3410,254547
"2017-03-07",3420,3500,3395,3440,351100
"2017-03-08",3455,3540,3445,3490,336684
"2017-03-09",3520,3550,3480,3490,287953
"2017-03-10",3495,3580,3420,3545,512190
"2017-03-13",3560,3610,3545,3575,378230
"2017-03-14",3565,3620,3540,3560,213549
"2017-03-15",3560,3575,3505,3505,202972
"2017-03-16",3545,3605,3525,3595,253313
"2017-03-17",3580,3635,3565,3570,237075
"2017-03-20",3630,3655,3555,3570,309351
"2017-03-21",3575,3640,3575,3610,249420
"2017-03-22",3590,3590,3490,3495,258295
"2017-03-23",3515,3530,3475,3515,191150
"2017-03-24",3545,3555,3475,3550,125599
"2017-03-27",3520,3550,3415,3430,346012
"2017-03-28",3430,3620,3405,3595,822712
"2017-03-29",3545,3595,3505,3585,427492
"2017-03-30",3585,3595,3535,3555,195436
"2017-03-31",3550,3550,3510,3535,163824
"2017-04-03",3510,3565,3485,3565,217409
"2017-04-04",3615,3785,3560,3700,2629286
"2017-04-05",3755,3880,3700,3700,1454871
"2017-04-06",3690,3770,3640,3700,534018
"2017-04-07",3755,3780,3580,3685,666412
"2017-04-10",3800,4440,3800,3945,17909119
"2017-04-11",4010,4120,3800,3830,3247288
"2017-04-12",3930,4105,3700,3725,4677549
"2017-04-13",3780,4170,3765,3840,8576815
"2017-04-14",3870,3875,3715,3725,1176768
"2017-04-17",3720,3735,3645,3655,852038
"2017-04-18",3680,3775,3670,3730,939949
"2017-04-19",3730,3830,3685,3700,1202810
"2017-04-20",3740,3770,3655,3655,649223
"2017-04-21",3665,3690,3575,3605,527521
"2017-04-24",3580,3605,3515,3515,506787
"2017-04-25",3550,3585,3515,3575,261041
"2017-04-26",3570,3625,3555,3580,328588
"2017-04-27",3580,3630,3520,3550,316257
"2017-04-28",3565,3660,3540,3585,441115
"2017-05-02",3595,3655,3570,3605,596338
"2017-05-04",3595,3640,3565,3635,282109
"2017-05-08",3805,3930,3685,3715,4010778
"2017-05-10",3680,3710,3605,3615,696967
"2017-05-11",3590,3675,3570,3615,540082
"2017-05-12",3620,3635,3570,3580,431493
"2017-05-15",3575,3630,3555,3620,311842
"2017-05-16",3655,3655,3545,3590,334678
"2017-05-17",3610,3635,3545,3550,381297
"2017-05-18",3520,3560,3495,3500,327053
"2017-05-19",3475,3565,3465,3545,332894
"2017-05-22",3570,3575,3515,3530,199084
"2017-05-23",3520,3545,3505,3525,179503
"2017-05-24",3530,3540,3445,3445,321860
"2017-05-25",3430,3445,3350,3365,495196
"2017-05-26",3345,3410,3345,3400,202587
"2017-05-29",3440,3440,3360,3360,175752
"2017-05-30",3365,3395,3360,3390,154982
"2017-05-31",3380,3430,3375,3410,137840
"2017-06-01",3430,3450,3395,3415,109902
"2017-06-02",3440,3440,3380,3420,204355
"2017-06-05",3420,3430,3375,3375,191260
"2017-06-07",3370,3405,3360,3365,137013
"2017-06-08",3350,3370,3285,3320,267007
"2017-06-09",3300,3335,3290,3315,190839
"2017-06-12",3315,3330,3295,3295,121040
"2017-06-13",3315,3315,3290,3310,122886
"2017-06-14",3295,3315,3290,3305,165293
"2017-06-15",3285,3310,3275,3285,140330
"2017-06-16",3315,3340,3280,3320,189355
"2017-06-19",3350,3350,3285,3295,108793
"2017-06-20",3295,3310,3205,3240,366338
"2017-06-21",3225,3255,3210,3215,144138
"2017-06-22",3200,3350,3200,3240,669176
"2017-06-23",3265,3265,3220,3250,89337
"2017-06-26",3250,3275,3200,3200,159930
"2017-06-27",3200,3215,3165,3180,157169
"2017-06-28",3175,3175,3120,3120,184428
"2017-06-29",3125,3145,3090,3125,127272
"2017-06-30",3110,3145,3095,3115,80652
"2017-07-03",3110,3140,3110,3120,87177
"2017-07-04",3100,3210,3100,3180,157244
"2017-07-05",3165,3200,3155,3165,56463
"2017-07-06",3170,3205,3165,3195,70597
"2017-07-07",3175,3220,3165,3170,67613
"2017-07-10",3175,3340,3170,3300,454670
"2017-07-11",3300,3330,3275,3285,182684
"2017-07-12",3260,3345,3250,3270,184952
"2017-07-13",3300,3300,3220,3255,122824
"2017-07-14",3240,3265,3145,3155,191617
"2017-07-17",3135,3180,3135,3175,62233
"2017-07-18",3175,3215,3170,3180,85772
"2017-07-19",3200,3250,3200,3225,96973
"2017-07-20",3230,3265,3205,3245,73242
"2017-07-21",3235,3265,3220,3250,55499
"2017-07-24",3280,3280,3215,3215,81007
"2017-07-25",3220,3230,3190,3200,55127
"2017-07-26",3225,3275,3185,3220,100195
"2017-07-27",3220,3250,3200,3235,36842
"2017-07-28",3240,3240,3150,3180,164039
"2017-07-31",3155,3185,3115,3160,111936
"2017-08-01",3120,3185,3120,3160,60361
"2017-08-02",3135,3200,3135,3200,53989
"2017-08-03",3185,3205,3120,3125,120848
"2017-08-04",3130,3220,3130,3155,42196
"2017-08-07",3150,3170,3125,3135,89410
"2017-08-08",3165,3165,3120,3140,57557
"2017-08-09",3140,3295,3100,3175,421245
"2017-08-10",3150,3195,3120,3155,115821
"2017-08-11",3130,3130,3065,3080,182359
"2017-08-14",3110,3140,3040,3070,134155
"2017-08-16",3095,3145,3095,3130,86928
"2017-08-17",3150,3245,3140,3180,173521
"2017-08-18",3180,3240,3160,3210,84887
"2017-08-21",3215,3320,3190,3265,217424
"2017-08-22",3260,3280,3200,3225,110082
"2017-08-23",3225,3280,3200,3280,237854
"2017-08-24",3400,3455,3135,3155,857746
"2017-08-25",3150,3205,3070,3160,423602
"2017-08-28",3160,3170,3110,3110,116099
"2017-08-29",3090,3150,3090,3145,104474
"2017-08-30",3145,3190,3140,3185,68548
"2017-08-31",3190,3210,3145,3205,81704
"2017-09-01",3205,3350,3205,3275,419367
"2017-09-04",3315,3320,3235,3280,370481
"2017-09-05",3285,3330,3245,3255,169766
"2017-09-06",3230,3315,3230,3280,135739
"2017-09-07",3280,3300,3270,3285,114346
"2017-09-08",3320,3320,3230,3245,165613
"2017-09-11",3250,3270,3230,3245,55924
"2017-09-12",3230,3280,3225,3240,78901
"2017-09-13",3255,3285,3235,3245,108329
"2017-09-14",3275,3285,3240,3285,76713
"2017-09-15",3285,3335,3260,3330,289712
"2017-09-18",3320,3345,3300,3315,121329
"2017-09-19",3315,3340,3280,3335,154777
"2017-09-20",3335,3450,3225,3225,1113550
"2017-09-21",3235,3260,3185,3185,235230
"2017-09-22",3190,3220,3095,3100,228026
"2017-09-25",3080,3120,2965,2970,223826
"2017-09-26",2890,3025,2890,2970,154089
"2017-09-27",3000,3020,2960,3005,82709
"2017-09-28",3030,3100,2995,3020,203077
"2017-09-29",3010,3045,3005,3030,71154
"2017-10-10",3030,3075,3010,3010,105358
"2017-10-11",3010,3100,3000,3050,131511
"2017-10-12",3060,3075,3020,3030,107251
"2017-10-13",3045,3055,3000,3000,95862
"2017-10-16",3005,3010,2965,2970,108596
"2017-10-17",2960,3005,2960,2990,79515
"2017-10-18",2990,3035,2965,3000,89453
"2017-10-19",3000,3035,2990,3010,96628
"2017-10-20",3015,3065,2995,3015,136273
"2017-10-23",3025,3030,2990,3000,52572
"2017-10-24",3000,3020,2985,2995,79020
"2017-10-25",3015,3020,2970,2985,88159
"2017-10-26",2995,3020,2975,2990,78792
"2017-10-27",3000,3045,2990,3020,180268
"2017-10-30",3045,3110,3015,3035,185547
"2017-10-31",3035,3110,3035,3075,222866
"2017-11-01",3090,3110,3065,3110,90005
"2017-11-02",3120,3120,3070,3110,92023
"2017-11-03",3110,3230,3110,3175,278398
"2017-11-06",3180,3195,3145,3150,88243
"2017-11-07",3150,3190,3150,3190,64504
"2017-11-08",3190,3210,3175,3195,100710
"2017-11-09",3200,3220,3160,3185,87402
"2017-11-10",3170,3200,3150,3190,66548
"2017-11-13",3180,3250,3180,3245,152657
"2017-11-14",3245,3255,3205,3220,116234
"2017-11-15",3220,3250,3140,3165,160543
"2017-11-16",3195,3195,3155,3175,57287
"2017-11-17",3190,3190,3150,3175,63751
"2017-11-20",3165,3215,3165,3200,112542
"2017-11-21",3200,3200,3155,3200,88792
"2017-11-22",3230,3230,3105,3150,201426
"2017-11-23",3175,3185,3135,3180,91490
"2017-11-24",3190,3210,3150,3195,135924
"2017-11-27",3215,3335,3200,3300,490273
"2017-11-28",3330,3330,3210,3240,183390
"2017-11-29",3285,3300,3220,3270,125536
"2017-11-30",3270,3300,3175,3210,154620
"2017-12-01",3210,3240,3190,3230,50584
"2017-12-04",3230,3245,3170,3185,115166
"2017-12-05",3190,3245,3120,3230,117405
"2017-12-06",3230,3240,3200,3205,104430
"2017-12-07",3230,3230,3125,3130,173314
"2017-12-08",3160,3160,3055,3080,142826
"2017-12-11",3075,3120,3065,3095,50623
"2017-12-12",3075,3120,3075,3095,75168
"2017-12-13",3080,3125,3080,3090,56499
"2017-12-14",3090,3115,3070,3095,49566
"2017-12-15",3105,3120,3060,3080,88665
"2017-12-18",3075,3100,3050,3055,95839
"2017-12-19",3050,3090,3005,3030,128647
"2017-12-20",2990,3075,2990,3020,142511
"2017-12-21",3030,3060,2940,2960,185313
"2017-12-22",3010,3010,2915,2960,103443
"2017-12-26",2985,2995,2945,2970,80985
"2017-12-27",3050,3050,2975,3005,58147
"2017-12-28",3010,3085,3010,3080,103929
"2018-01-02",3095,3185,3090,3160,128841
"2018-01-03",3140,3185,3115,3180,136022
"2018-01-04",3310,3310,3155,3175,259106
"2018-01-05",3180,3245,3175,3220,139252
"2018-01-08",3220,3270,3220,3270,188592
"2018-01-09",3270,3275,3200,3200,126616
"2018-01-10",3220,3265,3210,3240,99987
"2018-01-11",3250,3265,3220,3230,112572
"2018-01-12",3250,3260,3165,3190,111005
"2018-01-15",3295,3345,3175,3205,452910
"2018-01-16",3260,3265,3175,3220,206170
"2018-01-17",3270,3410,3260,3310,1554765
"2018-01-18",3355,3430,3285,3320,704996
"2018-01-19",3330,3340,3190,3270,606940
"2018-01-22",3305,3435,3270,3430,960549
"2018-01-23",3410,3425,3360,3390,430217
"2018-01-24",3375,3455,3370,3435,426617
"2018-01-25",3455,3455,3385,3430,228454
"2018-01-26",3440,3525,3430,3505,514226
"2018-01-29",3450,3585,3450,3565,480507
"2018-01-30",3565,3735,3505,3565,1023918
"2018-01-31",3420,3595,3420,3505,465642
"2018-02-01",3505,3570,3470,3540,234813
"2018-02-02",3510,3605,3480,3545,302375
"2018-02-05",3515,3515,3400,3445,291564
"2018-02-06",3340,3420,3240,3410,366411
"2018-02-07",3480,3480,3330,3345,207808
"2018-02-08",3360,3410,3345,3385,151469
"2018-02-09",3335,3430,3270,3425,179753
"2018-02-12",3465,3465,3380,3395,131166
"2018-02-13",3380,3440,3375,3375,131341
"2018-02-14",3360,3425,3350,3410,87304
"2018-02-19",3450,3480,3425,3455,132323
"2018-02-20",3475,3600,3460,3540,419112
"2018-02-21",3535,3595,3530,3560,260714
"2018-02-22",3525,3525,3400,3460,540629
"2018-02-23",3470,3500,3380,3470,344996
"2018-02-26",3480,3570,3480,3565,382948
"2018-02-27",3590,3595,3510,3590,303145
"2018-02-28",3590,3690,3550,3640,763390
"2018-03-02",3635,3735,3555,3655,473767
"2018-03-05",3660,3690,3640,3655,385210
"2018-03-06",3660,3725,3575,3615,589778
"2018-03-07",3650,3650,3460,3480,404729
"2018-03-08",3480,3520,3430,3505,184294
"2018-03-09",3480,3565,3480,3550,240843
"2018-03-12",3550,3585,3535,3545,180631
"2018-03-13",3550,3640,3545,3570,422713
"2018-03-14",3560,3795,3560,3720,1769461
"2018-03-15",3700,3730,3635,3730,445191
"2018-03-16",3710,3760,3690,3715,290150
"2018-03-19",3675,3720,3595,3610,396543
"2018-03-20",3610,3640,3565,3600,156188
"2018-03-21",3620,3625,3535,3545,224686
"2018-03-22",3535,3680,3535,3650,371992
"2018-03-23",3555,3650,3470,3500,335845
"2018-03-26",3695,4060,3570,3570,8305555
"2018-03-27",3660,3840,3610,3770,4034613
"2018-03-28",3735,3890,3710,3755,1980703
"2018-03-29",3760,4125,3685,3960,8720001
"2018-03-30",3915,3990,3830,3855,1551187
"2018-04-02",3900,3900,3715,3715,1311273
"2018-04-03",3720,3775,3660,3690,918431
"2018-04-04",3715,3715,3530,3555,1058700
"2018-04-05",3595,3610,3520,3590,461062
"2018-04-06",3650,3945,3605,3800,2728765
"2018-04-09",3815,3865,3705,3810,1164592
"2018-04-10",3820,3880,3700,3865,899913
"2018-04-11",3900,3925,3725,3725,818491
"2018-04-12",3735,3780,3635,3750,751539
"2018-04-13",3760,3765,3670,3690,336410
"2018-04-16",3725,3750,3640,3675,437270
"2018-04-17",3685,3755,3665,3755,387181
"2018-04-18",3760,3785,3645,3715,643300
"2018-04-19",3720,3755,3610,3630,699220
"2018-04-20",3650,3710,3550,3630,628297
"2018-04-23",3635,3660,3460,3465,781837
"2018-04-24",3445,3515,3440,3455,327905
"2018-04-25",3435,4490,3410,4490,19577682
"2018-04-26",4450,4450,3980,4050,11880682
"2018-04-27",4095,5000,4080,4595,39840406
"2018-04-30",4510,5480,4440,5050,20648935
"2018-05-02",4995,5290,4750,5050,8320815
"2018-05-03",5190,5230,4600,4640,3528119
"2018-05-04",4570,4940,4530,4770,3181544
"2018-05-08",4650,4700,4385,4410,1829375
"2018-05-09",4380,4625,4155,4335,2614868
"2018-05-10",4410,5300,4360,4995,19383438
"2018-05-11",4925,5060,4790,4950,3967886
"2018-05-14",4940,5140,4905,5110,4075636
"2018-05-15",5150,5990,5000,5290,18917850
"2018-05-16",4600,4965,4580,4600,4018510
"2018-05-17",4630,4920,4545,4610,2563060
"2018-05-18",4650,4795,4580,4660,2133574
"2018-05-21",4605,4695,4495,4650,1235197
"2018-05-23",4610,4945,4445,4815,2674470
"2018-05-24",4815,4920,4585,4600,1988145
"2018-05-25",4065,4185,3935,4030,2402485
"2018-05-28",4585,5100,4580,4935,5862917
"2018-05-29",4875,4885,4710,4745,2229378
"2018-05-30",4825,4915,4710,4740,1448095
"2018-05-31",4820,5200,4765,4895,4279969
"2018-06-01",5000,5170,4800,4835,2394021
"2018-06-04",4990,5110,4830,4855,1891930
"2018-06-05",4750,6160,4750,5640,32721387
"2018-06-07",6110,6660,5340,5390,15962927
"2018-06-08",5470,5660,5180,5320,4536650
"2018-06-11",5340,6350,5320,6010,23999076
"2018-06-12",6020,7420,5750,6360,37600467
"2018-06-14",6580,6950,5940,6030,17977048
"2018-06-15",5920,6270,5620,6080,11571745
"2018-06-18",5980,6090,5550,5640,4628334
"2018-06-19",5570,5690,5220,5290,3144730
"2018-06-20",5280,5470,5070,5160,3337689
"2018-06-21",5220,5360,4750,4815,3288355
"2018-06-22",4870,4930,4595,4745,2601671
"2018-06-25",4700,4780,4600,4655,1891802
"2018-06-26",4590,4710,4350,4350,1811561
"2018-06-27",4350,4450,4030,4160,2717903
"2018-06-28",4170,4240,3825,3895,2161696
"2018-06-29",4000,4255,3865,3940,3101609
"2018-07-02",3940,3950,3600,3600,1496696
"2018-07-03",3620,3735,3530,3685,1319732
"2018-07-04",3650,3750,3630,3645,786679
"2018-07-05",3650,3690,3405,3440,1053637
"2018-07-06",3460,3995,3330,3590,8391435
"2018-07-09",3505,3505,3240,3285,1798583
"2018-07-10",3315,3455,3315,3330,917462
"2018-07-11",3350,3545,3335,3480,1642201
"2018-07-12",3550,3945,3520,3690,7329248
"2018-07-13",3725,3820,3665,3805,1717657
"2018-07-16",3910,3910,3710,3740,1196664
"2018-07-17",3735,3745,3600,3625,673579
"2018-07-18",3625,3625,3410,3410,841909
"2018-07-19",3390,3470,3335,3435,647939
"2018-07-20",3450,3500,3310,3310,549630
"2018-07-23",3280,3325,3100,3120,611073
"2018-07-24",3120,3460,3120,3365,1720378
"2018-07-25",3540,3545,3355,3390,1134078
"2018-07-26",3495,3680,3450,3610,3302167
"2018-07-27",3615,3900,3520,3875,4892469
"2018-07-30",3875,4030,3820,3935,3330428
"2018-07-31",4100,4110,3620,3730,2927976
"2018-08-01",3745,3770,3610,3675,975988
"2018-08-02",3675,3770,3610,3675,922997
"2018-08-03",3750,4245,3750,3840,10593664
"2018-08-06",3805,3930,3780,3820,1171353
"2018-08-07",3855,3875,3735,3760,852352
"2018-08-08",3840,3920,3780,3780,1595419
"2018-08-09",3780,3835,3710,3755,856231
"2018-08-10",3905,3920,3815,3850,1382352
"2018-08-13",3830,4055,3620,3650,3041330
"2018-08-14",3720,3835,3685,3810,1144310
"2018-08-16",3900,3945,3750,3920,1261645
"2018-08-17",3960,4000,3890,3970,1312999
"2018-08-20",3940,4090,3915,4060,2232474
"2018-08-21",4125,4145,4020,4060,1333326
"2018-08-22",4065,4085,3970,4015,876341
"2018-08-23",4020,4090,3985,4020,617409
"2018-08-24",4065,4065,3945,4050,608483
"2018-08-27",3775,3825,3740,3755,1042523
"2018-08-28",3760,3805,3640,3680,514901
"2018-08-29",3625,3695,3600,3630,326321
"2018-08-30",3660,3750,3655,3680,332231
"2018-08-31",3670,3715,3630,3680,292902
"2018-09-03",3735,3745,3655,3720,436693
"2018-09-04",3700,3860,3700,3860,1165568
"2018-09-05",4235,4415,3975,3975,11162642
"2018-09-06",4100,4240,3935,4075,3679264
"2018-09-07",4090,4160,4040,4155,1868473
"2018-09-10",4900,5180,4780,4990,16438821
"2018-09-11",4710,4760,4400,4435,6080639
"2018-09-12",4485,4490,4270,4425,2632030
"2018-09-13",4440,4500,4340,4380,1660791
"2018-09-14",4350,4445,4265,4375,1458282
"2018-09-17",4425,4650,4285,4620,4532391
"2018-09-18",4650,4865,4510,4570,7745500
"2018-09-19",4600,4740,4145,4240,4070629
"2018-09-20",4330,4445,4210,4210,1932407
"2018-09-21",4190,4365,4165,4325,1030943
"2018-09-27",4490,4610,4395,4415,1877627
"2018-09-28",4355,4545,4245,4545,1393524
"2018-10-01",4625,4710,4275,4290,1939426
"2018-10-02",4330,4390,4050,4050,1016936
"2018-10-04",4150,4540,4050,4050,1261250
"2018-10-05",4045,4125,3910,3955,696182
"2018-10-08",3950,4030,3880,3880,642910
"2018-10-10",3840,3900,3435,3540,1197880
"2018-10-11",3225,3440,3215,3215,1071774
"2018-10-12",3200,3430,3200,3420,900470
"2018-10-15",3550,3550,3280,3290,805137
"2018-10-16",3335,3455,3335,3410,553112
"2018-10-17",3450,3660,3450,3580,981067
"2018-10-18",3590,3730,3530,3600,794091
"2018-10-19",3530,3645,3510,3625,319568
"2018-10-22",3600,3600,3460,3480,396088
"2018-10-23",3480,3570,3310,3380,439630
"2018-10-24",3425,3460,3210,3210,410236
"2018-10-25",3100,3240,3080,3100,431709
"2018-10-26",3235,3555,3050,3110,1496062
"2018-10-29",3085,3195,2715,2715,986307
"2018-10-30",2585,2845,2585,2835,1064534
"2018-10-31",2870,2970,2820,2905,530830
"2018-11-01",2965,3100,2935,2990,594323
"2018-11-02",3035,3285,3030,3165,1155332
"2018-11-05",3170,3325,3120,3280,1481418
"2018-11-06",3290,3350,3155,3195,682227
"2018-11-07",3420,3495,3070,3135,2734369
"2018-11-08",3200,3270,3180,3225,588390
"2018-11-09",3280,3315,3155,3310,929874
"2018-11-12",3260,3440,3250,3275,1252615
"2018-11-13",3205,3240,3105,3205,581067
"2018-11-14",3230,3255,3145,3165,298528
"2018-11-15",3170,3210,3100,3195,341928
"2018-11-16",3235,3250,3170,3185,262442
"2018-11-19",3205,3285,3200,3260,508516
"2018-11-20",3210,3275,3175,3220,214772
"2018-11-21",3200,3250,3155,3210,230467
"2018-11-22",3270,3285,3165,3170,280456
"2018-11-23",3165,3250,3165,3185,304859
"2018-11-26",3235,3250,3185,3200,362373
"2018-11-27",3375,3465,3275,3300,2268790
"2018-11-28",3355,3375,3265,3295,533013
"2018-11-29",3320,3320,3220,3230,549389
"2018-11-30",3205,3250,3170,3185,318085
"2018-12-03",3225,3270,3185,3270,355783
"2018-12-04",3265,3320,3245,3310,408880
"2018-12-05",3230,3305,3230,3290,340102
"2018-12-06",3280,3285,3170,3180,281646
"2018-12-07",3215,3320,3190,3260,484019
"2018-12-10",3190,3235,3090,3125,304852
"2018-12-11",3145,3180,3000,3015,314388
"2018-12-12",2990,3065,2985,3005,276206
"2018-12-13",3020,3125,3020,3125,249053
"2018-12-14",3125,3130,3005,3025,177867
"2018-12-17",3070,3180,3010,3010,341920
"2018-12-18",2940,3040,2940,3005,184055
"2018-12-19",3045,3055,2990,3020,177483
"2018-12-20",3020,3055,2965,2975,224313
"2018-12-21",2970,3020,2940,2950,207400
"2018-12-24",2920,2950,2820,2820,226008
"2018-12-26",2790,2810,2630,2680,366789
"2018-12-27",2720,2840,2720,2790,208640
"2018-12-28",2790,2890,2790,2855,136928
"2019-01-02",2900,2920,2835,2840,115593
"2019-01-03",2815,2915,2815,2835,127059
"2019-01-04",2800,2875,2740,2830,156444
"2019-01-07",2875,2915,2840,2875,184744
"2019-01-08",2880,3065,2880,2980,737288
"2019-01-09",2985,3045,2985,3015,173216
"2019-01-10",3000,3035,2965,3030,206642
"2019-01-11",3030,3095,3010,3095,265366
"2019-01-14",3305,3325,3110,3145,1109959
"2019-01-15",3200,3225,3130,3140,517673
"2019-01-16",3175,3470,3145,3470,3118063
"2019-01-17",3495,3505,3350,3390,1706808
"2019-01-18",3390,3575,3380,3445,1578525
"2019-01-21",3445,3480,3345,3400,612167
"2019-01-22",3400,3475,3380,3475,677650
"2019-01-23",3580,3835,3490,3520,7239937
"2019-01-24",3520,3585,3460,3580,1153907
"2019-01-25",3590,3655,3505,3515,960263
"2019-01-28",3520,3870,3520,3645,7310169
"2019-01-29",3650,3660,3540,3565,913703
"2019-01-30",3570,3625,3500,3500,729475
"2019-01-31",3535,3600,3405,3480,563361
"2019-02-01",3480,3565,3470,3545,493340
"2019-02-07",3590,3685,3570,3645,1310124
"2019-02-08",3630,3730,3590,3600,823864
"2019-02-11",3630,3640,3550,3610,362737
"2019-02-12",3610,3690,3590,3595,502126
"2019-02-13",3660,3660,3585,3635,373038
"2019-02-14",3670,3670,3560,3590,330063
"2019-02-15",3595,3650,3575,3585,284174
"2019-02-18",3630,3630,3565,3585,204003
"2019-02-19",3600,3610,3560,3575,220706
"2019-02-20",3630,3635,3575,3580,339493
"2019-02-21",3720,3870,3620,3620,4636393
"2019-02-22",3640,3710,3630,3645,853286
"2019-02-25",3710,3815,3690,3785,2000180
"2019-02-26",3820,3830,3685,3690,1175498
"2019-02-27",3725,3740,3680,3690,504108
"2019-02-28",3690,3730,3100,3400,914656
"2019-03-04",3665,4330,3600,4305,15764212
"2019-03-05",4580,4960,4440,4515,23948814
"2019-03-06",4700,5100,4555,4630,22507772
"2019-03-07",4655,4780,4250,4345,5954268
"2019-03-08",4225,4465,4210,4415,4319401
"2019-03-11",4420,4780,4270,4505,9064424
"2019-03-12",4535,4675,4490,4575,4631490
"2019-03-13",4900,5040,4505,4505,8354199
"2019-03-14",4690,4705,4510,4560,2440094
"2019-03-15",4585,4720,4535,4700,4469807
"2019-03-18",4555,4595,4400,4430,2212573
"2019-03-19",4430,4600,4300,4490,3360212
"2019-03-20",4500,4585,4250,4340,2578662
"2019-03-21",4350,4450,4280,4310,1494246
"2019-03-22",4350,4785,4335,4660,11421971
"2019-03-25",4585,4710,4500,4510,2689734
"2019-03-26",4590,4900,4545,4885,8080309
"2019-03-27",4930,5790,4885,5400,35883195
"2019-03-28",5440,5450,5020,5120,7361965
"2019-03-29",5130,5170,4725,4860,5582796
"2019-04-01",4880,4965,4760,4860,2893869
"2019-04-02",4995,5130,4880,4880,5280255
"2019-04-03",4895,5130,4810,5000,4197756
"2019-04-04",4960,5000,4815,4830,2091931
"2019-04-05",4920,4920,4740,4830,1605592
"2019-04-08",4795,4820,4560,4580,2219366
"2019-04-09",4580,4610,4355,4470,2287120
"2019-04-10",4440,4470,4385,4455,887704
"2019-04-11",4475,4570,4440,4565,1351334
"2019-04-12",4570,4575,4380,4425,1378817
"2019-04-15",4400,4410,4295,4300,1321903
"2019-04-16",4295,4320,4185,4220,1124209
"2019-04-17",4230,4380,4175,4330,1620945
"2019-04-18",4315,4455,4215,4225,1309182
"2019-04-19",4230,4325,4225,4225,562167
"2019-04-22",4240,4380,4235,4250,665541
"2019-04-23",4260,4315,4210,4290,661549
"2019-04-24",4300,4305,4180,4190,602883
"2019-04-25",4195,4220,4010,4030,981195
"2019-04-26",4010,4090,3955,4050,519867
"2019-04-29",4055,4120,4020,4055,344103
"2019-04-30",4055,4105,4045,4070,336733
"2019-05-02",4080,4205,4080,4185,808697
"2019-05-03",4190,4210,4105,4140,427284
"2019-05-07",4000,4130,3980,4015,457464
"2019-05-08",3965,4075,3920,3930,530626
"2019-05-09",3900,3955,3775,3800,784835
"2019-05-10",3800,3945,3695,3785,1041321
"2019-05-13",3750,3975,3745,3750,927947
"2019-05-14",3650,3825,3650,3780,569080
"2019-05-15",3825,3865,3785,3830,408274
"2019-05-16",3815,3900,3575,3645,1022946
"2019-05-17",3645,3830,3615,3700,815754
"2019-05-20",3720,3785,3650,3650,353468
"2019-05-21",3615,3720,3615,3670,280954
"2019-05-22",3670,3725,3605,3665,425362
"2019-05-23",3650,3725,3500,3510,515445
"2019-05-24",3470,3530,3405,3420,508739
"2019-05-27",3405,3485,3390,3450,317353
"2019-05-28",3450,3585,3430,3505,293129
"2019-05-29",3495,3505,3400,3425,283019
"2019-05-30",3425,3435,3350,3400,232802
"2019-05-31",3400,3475,3365,3430,388470
"2019-06-03",3400,3545,3400,3530,423563
"2019-06-04",3490,3560,3490,3560,238823
"2019-06-05",3575,3575,3480,3510,477346
"2019-06-07",3540,3600,3510,3560,401252
"2019-06-10",3600,3660,3565,3580,473665
"2019-06-11",3560,3700,3555,3635,568398
"2019-06-12",3670,3670,3565,3575,337512
"2019-06-13",3555,3615,3545,3575,227708
"2019-06-14",3600,3600,3505,3520,258284
"2019-06-17",3510,3550,3465,3525,223678
"2019-06-18",3510,3535,3430,3455,345506
"2019-06-19",3465,3520,3455,3505,206232
"2019-06-20",3475,3590,3475,3535,307974
"2019-06-21",3530,3735,3530,3695,1345159
"2019-06-24",3725,3780,3570,3600,1194183
"2019-06-25",3630,3770,3610,3675,2073149
"2019-06-26",3620,3665,3520,3535,721696
"2019-06-27",3520,3565,3390,3415,584217
"2019-06-28",3405,3440,3275,3310,510301
"2019-07-01",3350,3580,3350,3400,912746
"2019-07-02",3340,3475,3340,3445,320912
"2019-07-03",3455,3520,3400,3400,248065
"2019-07-04",3415,3450,3340,3375,164780
"2019-07-05",3365,3400,3350,3380,124733
"2019-07-08",3400,3400,3130,3130,638836
"2019-07-09",3100,3240,3085,3110,312411
"2019-07-10",3115,3230,3100,3165,280870
"2019-07-11",3165,3225,3100,3220,363358
"2019-07-12",3205,3245,3175,3225,147590
"2019-07-15",3255,3275,3155,3155,155016
"2019-07-16",3145,3205,3100,3160,226782
"2019-07-17",3135,3190,3080,3135,223149
"2019-07-18",3120,3215,3115,3160,210560
"2019-07-19",3150,3235,3150,3190,199975
"2019-07-22",3180,3230,3175,3210,151320
"2019-07-23",3195,3230,3130,3155,193888
"2019-07-24",3120,3195,3080,3080,267619
"2019-07-25",3105,3175,2975,3075,575130
"2019-07-26",3020,3060,2980,3000,307757
"2019-07-29",3000,3020,2830,2840,368809
"2019-07-30",2780,3025,2780,2915,429846
"2019-07-31",2875,3025,2870,2950,229511
"2019-08-01",2950,3110,2950,2985,280342
"2019-08-02",2920,3060,2885,3025,223363
"2019-08-05",2990,3025,2710,2775,763341
"2019-08-06",2605,2850,2445,2630,1930765
"2019-08-07",2590,2730,2590,2660,513969
"2019-08-08",2680,2820,2680,2795,429181
"2019-08-09",2795,2920,2795,2875,327822
"2019-08-12",2885,3050,2885,2975,418857
"2019-08-13",2960,3020,2870,2935,263682
"2019-08-14",2945,2980,2905,2905,254554
"2019-08-16",2890,2995,2880,2910,197616
"2019-08-19",2915,2965,2910,2965,179555
"2019-08-20",2965,3050,2960,3025,378263
"2019-08-21",3025,3065,3010,3025,272502
"2019-08-22",3030,3055,3005,3010,211312
"2019-08-23",2980,3020,2930,2945,263970
"2019-08-26",2860,2920,2755,2765,472519
"2019-08-27",2805,2870,2775,2800,249788
"2019-08-28",2815,3025,2800,2930,607107
"2019-08-29",2940,2945,2850,2890,164414
"2019-08-30",2940,2985,2915,2980,158437
"2019-09-02",2945,3055,2945,3050,210048
"2019-09-03",3030,3090,3030,3055,201457
"2019-09-04",3050,3080,3000,3060,113959
"2019-09-05",3075,3090,3035,3075,201855
"2019-09-06",3075,3080,3010,3025,198417
"2019-09-09",3315,3325,3055,3055,1538076
"2019-09-10",3005,3160,3005,3125,466438
"2019-09-11",3150,3190,3115,3165,291735
"2019-09-16",3155,3225,3140,3205,381061
"2019-09-17",3225,3285,3175,3270,455675
"2019-09-18",3305,3355,3270,3295,631860
"2019-09-19",3295,3425,3295,3380,685934
"2019-09-20",3380,3430,3340,3410,470213
"2019-09-23",3610,3840,3510,3570,8039405
"2019-09-24",3570,3760,3520,3605,3039927
"2019-09-25",3675,3685,3335,3350,1962767
"2019-09-26",3380,3500,3380,3420,658737
"2019-09-27",3405,3470,3385,3415,427389
"2019-09-30",3455,3455,3295,3400,611652
"2019-10-01",3400,3495,3360,3400,651124
"2019-10-02",3400,3420,3365,3390,283144
"2019-10-04",3380,3390,3325,3345,288542
"2019-10-07",3310,3335,3190,3210,510882
"2019-10-08",3195,3325,3195,3310,333261
"2019-10-10",3305,3395,3275,3350,375485
"2019-10-11",3350,3455,3330,3415,429696
"2019-10-14",3445,3500,3420,3470,441431
"2019-10-15",3455,3540,3420,3520,515121
"2019-10-16",3550,3625,3520,3595,842490
"2019-10-17",3590,3655,3555,3585,586725
"2019-10-18",3590,3620,3555,3590,376325
"2019-10-21",3940,3965,3670,3710,3843862
"2019-10-22",3680,3685,3580,3635,1023606
"2019-10-23",3615,3635,3530,3530,688073
"2019-10-24",3520,3670,3510,3670,756752
"2019-10-25",3650,3675,3575,3630,404108
"2019-10-28",3630,3670,3590,3650,311446
"2019-10-29",3780,3820,3670,3710,1403407
"2019-10-30",3710,3735,3655,3705,595980
"2019-10-31",3750,3890,3715,3890,2052259
"2019-11-01",3960,4015,3780,3800,2331924
"2019-11-04",3810,3810,3720,3810,686982
"2019-11-05",3815,3815,3760,3770,485004
"2019-11-06",3770,3820,3750,3785,647213
"2019-11-07",3810,3810,3725,3725,412853
"2019-11-08",3725,3760,3700,3735,233755
"2019-11-11",3720,3735,3645,3690,288918
"2019-11-12",3690,3715,3660,3690,201212
"2019-11-13",3710,3800,3665,3785,576018
"2019-11-14",3905,4145,3755,3755,6616759
"2019-11-15",3660,3785,3660,3685,1012859
"2019-11-18",3690,3840,3690,3765,1091649
"2019-11-19",3760,3780,3670,3680,585242
"2019-11-20",3695,3695,3535,3540,573016
"2019-11-21",3550,3580,3415,3425,513135
"2019-11-22",3390,3485,3335,3350,535832
"2019-11-25",3360,3490,3360,3490,243224
"2019-11-26",3485,3515,3460,3485,236876
"2019-11-27",3490,3505,3420,3445,211315
"2019-11-28",3430,3495,3425,3455,227140
"2019-11-29",3430,3460,3410,3415,216647
"2019-12-02",3405,3450,3380,3405,158558
"2019-12-03",3390,3490,3380,3445,221116
"2019-12-04",3410,3475,3405,3430,184884
"2019-12-05",3425,3455,3345,3375,264466
"2019-12-06",3340,3465,3340,3455,229581
"2019-12-09",3500,3595,3490,3550,539806
"2019-12-10",3675,3735,3540,3585,1689912
"2019-12-11",3605,3630,3510,3510,450218
"2019-12-12",3510,3565,3470,3545,224049
"2019-12-13",3520,3620,3520,3620,363023
"2019-12-16",3605,3645,3605,3625,200185
"2019-12-17",3625,3635,3570,3590,234937
"2019-12-18",3585,3625,3570,3610,155856
"2019-12-19",3585,3640,3585,3630,234647
"2019-12-20",3610,3655,3600,3630,259588
"2019-12-23",3655,3680,3620,3645,276549
"2019-12-24",3630,3655,3575,3575,240300
"2019-12-26",3575,3615,3570,3610,188256
"2019-12-27",3580,3635,3570,3630,165840
"2019-12-30",3630,3665,3615,3650,220743
"2020-01-02",3665,3725,3660,3720,497703
"2020-01-03",3730,3780,3700,3780,827076
"2020-01-06",3755,3830,3630,3660,893972
"2020-01-07",3680,3770,3670,3735,607137
"2020-01-08",3735,3745,3470,3600,1332478
"2020-01-09",3745,3810,3680,3725,1272548
"2020-01-10",3755,3790,3715,3770,521356
"2020-01-13",3805,3825,3755,3810,606087
"2020-01-14",3795,3810,3750,3785,398055
"2020-01-15",3790,3885,3775,3865,614427
"2020-01-16",3885,3980,3850,3930,1421927
"2020-01-17",3940,4010,3880,3940,727551
"2020-01-20",4075,4945,4070,4855,38295242
"2020-01-21",5140,5420,4680,4900,41844520
"2020-01-22",5120,5190,4825,5030,9910465
"2020-01-23",4965,4965,4775,4775,1964946
"2020-01-28",5480,6200,5480,6200,4827086
"2020-01-29",5970,6020,5840,6020,3911039
"2020-01-30",6700,7250,6360,6790,32080509
"2020-01-31",7810,8820,7410,8530,53702161
"2020-02-03",8300,9470,6030,6600,47602484
"2020-02-04",6830,6940,5910,6370,45042111
"2020-02-05",6220,7390,6150,6740,39407293
"2020-02-06",6950,7030,6060,6240,18954765
"2020-02-07",6170,6420,5690,5840,13528946
"2020-02-10",5900,5960,5510,5560,9653136
"2020-02-11",5580,5650,5330,5570,9081608
"2020-02-12",5360,5430,4950,4995,9383208
"2020-02-13",5210,5730,4930,5090,42503107
"2020-02-14",5090,5540,5090,5180,14183522
"2020-02-17",5450,5500,5230,5230,10442831
"2020-02-18",5170,6600,5120,5880,56274777
"2020-02-19",5880,7640,5830,7640,68660028
"2020-02-20",8170,9840,8110,9190,84552227
"2020-02-21",10550,10700,8560,9020,50206808
"2020-02-24",9650,9850,7200,7310,24469049
"2020-02-25",7440,8450,7370,7760,29943005
"2020-02-26",7810,8170,6730,7110,17368342
"2020-02-27",7170,7250,6180,6560,11080255
"2020-02-28",6970,8080,6800,7500,43429291
"2020-03-02",7710,8420,7500,7700,15689592
"2020-03-03",7750,8290,7010,7970,23640216
"2020-03-04",8280,8310,7760,8010,10074075
"2020-03-05",7830,7970,7390,7530,10000301
"2020-03-06",7750,9350,7600,8610,62025188
"2020-03-09",8900,9970,7920,8300,51227535
"2020-03-10",8150,8960,7660,7820,18037404
"2020-03-11",8100,8200,7570,7800,12390325
"2020-03-12",8000,8350,7410,7930,12768791
"2020-03-13",7330,7560,6220,6430,9146957
"2020-03-16",6530,6780,5770,5790,8072536
"2020-03-17",5270,5860,5270,5390,11127464
"2020-03-18",5460,6490,5390,5840,34662606
"2020-03-19",6290,6550,5050,5210,19776194
"2020-03-20",5350,5570,5210,5320,7021052
"2020-03-23",5320,5750,5150,5450,7316606
"2020-03-24",5510,5650,5410,5540,7159008
"2020-03-25",5840,6500,5620,6170,18658964
"2020-03-26",6350,6770,6230,6520,15530267
"2020-03-27",6720,8350,6540,7600,61283766
"2020-03-30",7890,8780,7660,8200,32863755
"2020-03-31",8290,8310,7630,8150,16671873
"2020-04-01",8500,9150,7720,8010,26048854
"2020-04-02",9100,9400,8280,8560,25655944
"2020-04-03",8620,8700,7920,8620,14922216
"2020-04-06",8470,9250,8380,8640,28298627
"2020-04-07",8670,8840,8060,8220,14987082
"2020-04-08",8230,9000,8180,8270,22408071
"2020-04-09",8340,8520,7880,7960,7198137
"2020-04-10",7980,8010,6800,7130,6875185
"2020-04-13",7100,7370,6670,6680,3791970
"2020-04-14",6730,7080,6720,7010,3410321
"2020-04-16",7010,7400,6890,7150,4601970
"2020-04-17",7200,7380,7110,7190,3180721
"2020-04-20",7300,7800,7130,7350,6826441
"2020-04-21",7230,7380,6520,7040,4456429
"2020-04-22",6900,7390,6820,7230,4074189
"2020-04-23",7260,7460,7170,7200,4352027
"2020-04-24",7360,7880,7200,7310,12813540
"2020-04-27",7400,7440,7240,7250,2132798
"2020-04-28",7340,7340,6950,6990,2252465
"2020-04-29",7000,7220,6830,7000,2531499
"2020-05-04",6800,7300,6800,7160,3243395
"2020-05-06",7160,7180,7010,7030,1529018
"2020-05-07",6990,7400,6960,7010,4214050
"2020-05-08",7080,7290,7050,7270,3789551
"2020-05-11",7910,8060,7510,7600,11661348
"2020-05-12",7730,7760,7310,7600,5214571
"2020-05-13",7960,8120,7650,7650,11360740
"2020-05-14",7620,8160,7610,8000,9709348
"2020-05-15",8100,8110,7640,7680,3904119
"2020-05-18",7110,7340,7050,7060,4590454
"2020-05-19",6850,6920,6540,6780,3866350
"2020-05-20",6810,6960,6810,6820,1838326
"2020-05-21",6840,6880,6680,6690,1693498
"2020-05-22",6560,6720,6360,6500,2750481
"2020-05-25",6680,6860,6640,6850,2765388
"2020-05-26",6950,6990,6730,6800,2028515
"2020-05-27",6880,6900,6720,6760,1575271
"2020-05-28",6790,6950,6540,6820,2979618
"2020-05-29",6870,7100,6680,6750,4212472
"2020-06-01",6740,6750,6610,6650,1378297
"2020-06-02",6690,6760,6610,6640,1473319
"2020-06-03",6660,6680,6380,6410,1671480
"2020-06-04",6440,8020,6370,7490,33055516
"2020-06-05",7530,7560,7030,7080,6833054
"2020-06-08",7140,7290,7010,7110,3580350
"2020-06-09",7110,7150,6800,6810,2322309
"2020-06-10",6760,6980,6660,6820,2658310
"2020-06-11",6820,6940,6670,6690,1158873
"2020-06-12",6740,7730,6740,6930,37828587
"2020-06-15",7080,7230,6310,6310,5416125
"2020-06-16",6500,6780,6460,6520,3053878
"2020-06-17",6640,6750,6360,6650,3538759
"2020-06-18",6560,6610,6450,6460,1750065
"2020-06-19",6460,6600,6380,6380,1565684
"2020-06-22",6450,6570,6310,6320,1403789
"2020-06-23",6350,6440,6060,6090,1410914
"2020-06-24",6090,6180,6020,6040,1010439
"2020-06-25",6200,6550,6170,6220,4021133
"2020-06-26",6200,6260,6070,6120,1103701
"2020-06-29",6300,6350,6080,6090,1188544
"2020-06-30",6040,6130,5940,6000,1062667
"2020-07-01",6000,6040,5800,5820,1028068
"2020-07-02",5780,5920,5750,5850,689080
"2020-07-03",5890,6140,5850,6040,1696276
"2020-07-06",6280,6340,6110,6140,1535725
"2020-07-07",6050,6330,6020,6270,2345087
"2020-07-08",6480,6650,6310,6320,3729272
"2020-07-09",6310,6350,6170,6190,904816
"2020-07-10",6190,6420,6180,6370,2119848
"2020-07-13",6550,6560,6270,6300,1574208
"2020-07-14",6290,6330,6110,6150,1067474
"2020-07-15",6170,6240,6060,6090,1115082
"2020-07-16",6080,6140,6010,6050,672816
"2020-07-17",6060,6340,6060,6140,2141951
"2020-07-20",6290,6480,6150,6430,3451672
"2020-07-21",6550,6640,6290,6310,3062621
"2020-07-22",6380,6390,6200,6240,1029468
"2020-07-23",6260,6370,6170,6290,1380282
"2020-07-24",6290,6290,6120,6140,1003520
"2020-07-27",6140,6210,6060,6080,774205
"2020-07-28",6100,6120,5920,5930,886382
"2020-07-29",5880,6000,5870,5960,595276
"2020-07-30",5960,6120,5920,5990,875383
"2020-07-31",6030,6120,5940,5950,640815
"2020-08-03",5950,6290,5940,6200,2349847
"2020-08-04",6220,6250,6040,6140,1344848
"2020-08-05",6320,6510,6160,6220,4175205
"2020-08-06",6200,6300,6150,6160,1046182
"2020-08-07",6160,6260,6070,6070,931651
"2020-08-10",6070,6120,6040,6040,528948
"2020-08-11",6030,6160,6030,6050,672797
"2020-08-12",6050,6070,5910,5910,583563
"2020-08-13",5960,6080,5960,5980,521442
"2020-08-14",5980,6110,5790,5850,1038177
"2020-08-18",6170,7600,6110,7600,46929720
"2020-08-19",7600,8540,7290,7850,77770225
"2020-08-20",8060,9740,8000,9030,92431245
"2020-08-21",9100,9860,8210,8680,39608084
"2020-08-24",9300,9700,8700,8870,17212066
"2020-08-25",8880,9060,8490,8630,10866314
"2020-08-26",8750,9050,8320,8420,16166164
"2020-08-27",8620,8850,8350,8550,11414484
"2020-08-28",8410,8800,8300,8570,10171094
"2020-08-31",8420,8750,8310,8390,5487944
"2020-09-01",8430,8460,7850,7850,4819544
"2020-09-02",7920,8060,7690,7750,3573185
"2020-09-03",7750,7850,7560,7600,2653958
"2020-09-04",7380,7510,7280,7340,2177778
"2020-09-07",7350,7490,7200,7200,1798570
"2020-09-08",7230,7400,7110,7170,2187668
"2020-09-09",7130,7430,6930,6960,3086675
"2020-09-10",7040,7230,6980,7160,1831981
"2020-09-11",7240,7390,7070,7110,2415777
"2020-09-14",7160,7350,6960,7140,1819859
"2020-09-15",7200,7210,7050,7070,929544
"2020-09-16",7060,7140,6940,6940,975308
"2020-09-17",7000,7480,6810,7160,6922005
"2020-09-18",7130,7160,6860,6870,1625339
"2020-09-21",6820,7050,6430,6450,1851380
"2020-09-22",6410,6530,6200,6250,1241403
"2020-09-23",6270,6420,6120,6230,781117
"2020-09-24",6100,6290,6050,6050,1033813
"2020-09-25",6130,6250,6060,6090,824115
"2020-09-28",6170,6310,6150,6280,538996
"2020-09-29",6320,6450,6270,6430,760200
"2020-10-05",6740,6840,6450,6450,2234129
"2020-10-06",6530,6750,6480,6640,2008368
"2020-10-07",6840,6980,6650,6660,2324808
"2020-10-08",6700,6730,6460,6480,742090
"2020-10-12",6470,6480,6200,6300,863010
"2020-10-13",6330,6410,6250,6360,641384
"2020-10-14",6340,6590,6340,6460,822386
"2020-10-15",6440,6500,6150,6190,875868
"2020-10-16",6170,6230,6000,6080,620646
"2020-10-19",6010,6200,6010,6040,385963
"2020-10-20",6000,7540,6000,6650,38724972
"2020-10-21",6730,7170,6520,6520,10958413
"2020-10-22",6620,7100,6570,6930,11259996
"2020-10-23",6940,7050,6560,6590,4106477
"2020-10-26",6560,6850,6240,6250,2361719
"2020-10-27",6250,6680,6210,6320,2604775
"2020-10-28",6330,6410,6290,6310,998877
"2020-10-29",6360,7330,6330,6690,18438992
"2020-10-30",6690,6950,6560,6860,4970449
"2020-11-02",7040,7130,6660,6690,4134512
"2020-11-03",6800,6890,6690,6710,2005352
"2020-11-04",6720,6730,6430,6530,1886505
"2020-11-05",6620,7040,6560,7000,3831247
"2020-11-06",7010,7040,6750,6900,1896937
"2020-11-09",7200,7310,6940,7120,3817073
"2020-11-10",6650,6970,6650,6830,2907460
"2020-11-11",6850,6870,6470,6540,1873927
"2020-11-12",6550,6700,6550,6630,1174024
"2020-11-13",6800,7080,6630,6760,4028996
"2020-11-16",6870,6960,6750,6780,1746394
"2020-11-17",6770,6770,6450,6460,1598464
"2020-11-18",6510,6590,6480,6570,862748
"2020-11-19",6650,6710,6500,6510,1206008
"2020-11-20",6540,6780,6480,6710,1882033
"2020-11-23",6850,6960,6660,6660,2129619
"2020-11-24",6660,6690,6430,6490,1310312
"2020-11-25",6570,6590,6200,6290,1538521
"2020-11-26",6380,6480,6360,6360,962637
"2020-11-27",6330,6430,6330,6340,593276
"2020-11-30",6400,6490,6260,6320,948493
"2020-12-01",6340,6360,6280,6310,474521
"2020-12-02",6310,6350,6150,6160,788932
"2020-12-03",6210,6240,6020,6060,811624
"2020-12-04",6080,6170,6080,6140,566079
"2020-12-07",6200,6260,6120,6120,585175
"2020-12-08",6110,6170,5940,5940,991245
"2020-12-09",5950,6140,5790,5920,2036582
"2020-12-10",5950,5970,5820,5840,496073
"2020-12-11",5840,5930,5840,5860,493348
"2020-12-14",6000,6050,5880,5890,759600
"2020-12-15",5890,5970,5840,5840,412554
"2020-12-16",5840,6800,5820,6100,10892274
"2020-12-17",6150,6180,5950,5950,1822312
"2020-12-18",5990,6070,5860,5860,919309
"2020-12-21",5860,5970,5850,5860,812825
"2020-12-22",5880,6150,5800,5800,1654919
"2020-12-23",5820,5900,5540,5560,864525
"2020-12-24",5520,5630,5450,5460,704304
"2020-12-28",5460,5530,5280,5300,570916
"2020-12-29",5280,5440,5280,5420,355667
"2020-12-30",5480,6170,5400,5500,4539684
"2021-01-04",5530,5570,5410,5490,581721
"2021-01-05",5550,5550,5400,5430,481982
"2021-01-06",5420,5480,5410,5430,380417
"2021-01-07",5480,5660,5450,5490,636106
"2021-01-08",5500,6040,5410,5520,4421129
"2021-01-11",5530,5530,5150,5180,1186416
"2021-01-12",5180,5240,5060,5060,522731
"2021-01-13",5060,5140,5040,5080,439741
"2021-01-14",5170,5250,5100,5110,503926
"2021-01-15",5160,5200,5090,5100,314561
"2021-01-18",5080,5160,4965,4970,557778
"2021-01-19",4905,5030,4870,4970,507789
"2021-01-20",5050,5250,4985,5110,755350
"2021-01-21",5160,5220,5110,5140,447445
"2021-01-22",5170,5210,5090,5120,387059
"2021-01-25",5120,5190,5100,5130,348659
"2021-01-26",5090,5140,4995,5010,370526
"2021-01-27",5070,5070,4925,4935,338321
"2021-01-28",4900,4910,4750,4780,432477
"2021-01-29",4785,4860,4485,4560,608723
"2021-02-01",4495,4720,4490,4720,358131
"2021-02-02",4670,4960,4670,4850,474881
"2021-02-03",4810,4895,4765,4830,215805
"2021-02-04",4850,4860,4750,4765,215302
"2021-02-05",4780,4830,4700,4720,173859
"2021-02-08",4975,5350,4905,4990,6667806
"2021-02-09",4940,4960,4820,4835,753260
"2021-02-10",4830,4835,4715,4745,388514
"2021-02-15",4750,4850,4750,4825,314048
"2021-02-16",4815,4865,4785,4805,346791
"2021-02-17",4780,4870,4780,4815,342696
"2021-02-18",4815,4890,4780,4805,426294
"2021-02-19",4805,4810,4680,4715,412484
"2021-02-22",4725,4755,4680,4685,247947
"2021-02-23",4670,4675,4560,4575,380271
"2021-02-24",4540,4615,4420,4420,430244
"2021-02-25",4470,4595,4430,4570,417719
"2021-02-26",4570,4570,4450,4460,422774
"2021-03-02",4520,4595,4455,4465,219622
"2021-03-03",4415,4575,4415,4535,290273
"2021-03-04",4685,4690,4525,4540,490019
"2021-03-05",4540,4540,4470,4510,194622
"2021-03-08",4540,4660,4515,4560,322062
"2021-03-09",4565,4595,4445,4550,349591
"2021-03-10",4550,4605,4510,4530,222703
"2021-03-11",4530,4660,4515,4620,398651
"2021-03-12",4640,5220,4630,4785,6036767
"2021-03-15",4810,4960,4810,4960,1276297
"2021-03-16",5320,5380,5000,5060,3216240
"2021-03-17",5000,5060,4980,5060,447612
"2021-03-18",5080,5380,4960,5100,3289824
"2021-03-19",5090,5160,5020,5090,560524
"2021-03-22",5090,5110,4920,4920,536968
"2021-03-23",4920,5130,4920,5040,1011119
"2021-03-24",5010,5060,4965,4965,359263
"2021-03-25",4965,5050,4950,4950,445417
"2021-03-26",4970,5030,4940,4940,244373
"2021-03-29",5160,5220,5040,5090,990228
"2021-03-30",5090,5300,5020,5040,1325756
"2021-03-31",5040,5040,4980,4980,299643
"2021-04-01",4950,5000,4950,4955,235639
"2021-04-02",4980,5100,4960,4985,475606
"2021-04-05",5000,5000,4930,4930,299538
"2021-04-06",4900,4975,4900,4910,293354
"2021-04-07",4930,5030,4915,4995,317686
"2021-04-08",5050,5060,4960,5050,443418
"2021-04-09",5030,5110,5030,5090,454832
"2021-04-12",5140,5150,5080,5130,430009
"2021-04-13",5130,5150,5060,5060,369784
"2021-04-14",5060,5290,5060,5190,1673747
"2021-04-15",5430,5440,5100,5110,2519710
"2021-04-16",5130,5170,5080,5140,496270
"2021-04-19",5130,5140,5060,5070,474231
"2021-04-20",4995,5120,4995,5100,385970
"2021-04-21",5110,5160,5050,5050,341472
"2021-04-22",5070,5090,5020,5030,212188
"2021-04-23",5040,5090,5010,5030,273889
"2021-04-26",5030,5070,4980,5000,324853
"2021-04-27",4990,5000,4940,4950,283901
"2021-04-28",4990,4990,4870,4885,273030
"2021-04-29",4885,5000,4820,4865,230429
"2021-04-30",4860,4990,4840,4865,264132
"2021-05-03",4865,4915,4800,4820,232224
"2021-05-04",4820,4845,4660,4720,348645
"2021-05-06",4665,4815,4660,4770,190171
"2021-05-07",4770,4905,4765,4895,193345
"2021-05-10",4935,4985,4890,4950,221598
"2021-05-11",4955,4955,4885,4920,165469
"2021-05-12",4930,5070,4865,4875,887401
"2021-05-13",4840,4925,4805,4830,198663
"2021-05-14",4840,4870,4800,4815,121644
"2021-05-17",4805,4830,4705,4725,197982
"2021-05-18",4725,4785,4725,4750,125167
"2021-05-20",4725,4775,4690,4700,186309
"2021-05-21",4720,4765,4670,4675,178933
"2021-05-24",4650,4680,4555,4555,266478
"2021-05-25",4555,4650,4555,4560,210876
"2021-05-26",4545,4625,4545,4600,145208
"2021-05-27",4590,4630,4570,4600,140034
"2021-05-28",4600,4660,4595,4660,155534
"2021-05-31",4670,4725,4665,4700,103657
"2021-06-01",4735,4840,4685,4820,344967
"2021-06-02",4800,4815,4740,4785,175118
"2021-06-03",4805,4815,4740,4780,259857
"2021-06-04",4775,4790,4740,4775,170656
"2021-06-07",4810,4810,4750,4780,167658
"2021-06-08",4785,4835,4745,4800,254813
"2021-06-09",4820,4885,4755,4755,302114
"2021-06-10",4750,4830,4750,4780,249876
"2021-06-11",4800,4815,4785,4815,127598
"2021-06-14",4820,4865,4820,4840,181927
"2021-06-15",4860,4860,4795,4825,128054
"2021-06-16",4825,4860,4810,4850,128843
"2021-06-17",4840,4850,4805,4835,112327
"2021-06-18",4835,4840,4795,4805,194720
"2021-06-21",4795,4875,4785,4825,235564
"2021-06-22",4820,4910,4820,4860,349801
"2021-06-23",4895,5050,4855,4980,860031
"2021-06-24",5060,5080,4840,4855,610493
"2021-06-25",4900,4960,4865,4880,251970
"2021-06-28",4905,5050,4905,5020,640599
"2021-06-29",5050,5070,4940,4970,443139
"2021-06-30",4985,5050,4970,5030,281061
"2021-07-01",5060,5130,4990,5040,627223
"2021-07-02",5080,5120,5030,5040,453922
"2021-07-05",5020,5120,5020,5050,358906
"2021-07-06",5050,5090,4965,4965,379520
"2021-07-07",5020,5170,4985,5170,1236745
"2021-07-08",5200,5210,4995,5080,794013
"2021-07-09",5090,5260,5050,5100,1505736
"2021-07-12",5070,5120,5000,5040,462292
"2021-07-13",5020,5050,4925,4950,540167
"2021-07-14",4960,5030,4960,5030,301795
"2021-07-15",5040,5060,4990,5010,307590
"2021-07-16",5070,5240,5030,5060,1412056
"2021-07-19",5070,5160,5050,5080,444258
"2021-07-20",5060,5160,5040,5090,418937
"2021-07-21",5090,5250,4955,5050,967646
"2021-07-22",5020,5030,4950,4960,347588
"2021-07-23",4980,4985,4920,4970,192152
"2021-07-26",4975,4995,4795,4845,324985
"2021-07-27",4845,4890,4805,4880,270671
"2021-07-28",4890,4935,4780,4835,260554
"2021-07-29",4890,4955,4875,4910,215044
"2021-07-30",4910,4930,4790,4825,227108
"2021-08-02",4840,4860,4750,4790,164679
"2021-08-03",4770,4805,4740,4750,136467
"2021-08-04",4750,4795,4750,4795,105140
"2021-08-05",4800,4905,4795,4900,209661
"2021-08-06",4875,4920,4865,4885,125305
"2021-08-09",4875,4915,4860,4890,149438
"2021-08-10",4890,4890,4820,4835,150480
"2021-08-11",4845,4890,4805,4805,134937
"2021-08-12",4880,4880,4765,4765,107618
"2021-08-13",4750,4775,4590,4615,302553
"2021-08-17",4615,4755,4425,4525,333415
"2021-08-18",4470,4560,4470,4495,114956
"2021-08-19",4470,4545,4260,4280,284115
"2021-08-20",4295,4340,4040,4070,302618
"2021-08-23",4075,4225,4075,4200,187657
"2021-08-24",4210,4340,4210,4330,110282
"2021-08-25",4330,4355,4285,4330,61989
"2021-08-26",4335,4395,4280,4315,77707
"2021-08-27",4310,4335,4265,4290,101067
"2021-08-30",4305,4395,4285,4375,99836
"2021-08-31",4365,4390,4320,4390,70785
"2021-09-01",4390,4420,4365,4395,85723
"2021-09-02",4395,4415,4340,4350,96439
"2021-09-03",4355,4400,4340,4360,87948
"2021-09-06",4360,4405,4360,4370,84302
"2021-09-07",4385,4400,4290,4340,125757
"2021-09-08",4335,4365,4280,4285,92643
"2021-09-09",4255,4320,4230,4275,71070
"2021-09-10",4270,4360,4250,4310,112887
"2021-09-13",4320,4365,4270,4315,165695
"2021-09-14",4305,5140,4305,4520,7975345
"2021-09-15",4510,4530,4420,4440,537142
"2021-09-16",4445,4475,4395,4455,277042
"2021-09-17",4415,4435,4385,4385,217159
"2021-09-23",4385,4385,4325,4325,108095
"2021-09-24",4315,4365,4300,4320,113346
"2021-09-27",4320,4365,4315,4330,110644
"2021-09-28",4330,4355,4250,4255,142821
"2021-09-29",4160,4225,4100,4160,137178
"2021-09-30",4125,4270,4115,4115,291755
"2021-10-01",4085,4135,4000,4000,240788
"2021-10-05",4000,4000,3840,3865,283960
"2021-10-06",3825,3930,3710,3710,262252
"2021-10-07",3705,3860,3705,3860,151203
"2021-10-08",3915,3945,3865,3895,172378
"2021-10-12",3905,3920,3865,3880,101070
"2021-10-13",3870,4010,3870,4010,106180
"2021-10-14",4020,4180,3995,4015,344453
"2021-10-15",4065,4085,4000,4080,129261
"2021-10-18",4090,4115,4050,4080,120795
"2021-10-19",4060,4125,4060,4120,109380
"2021-10-20",4140,4145,4085,4110,91397
"2021-10-21",4120,4130,4045,4045,75891
"2021-10-22",4035,4065,4010,4040,58518
"2021-10-25",4135,4790,4130,4255,3073914
"2021-10-26",4265,4290,4220,4285,228025
"2021-10-27",4285,4310,4245,4275,208716
"2021-10-28",4280,4305,4265,4295,115175
"2021-10-29",4295,4300,4225,4235,149604
"2021-11-01",4255,4260,4185,4185,86225
"2021-11-02",4165,4240,4160,4215,103060
"2021-11-03",4205,4230,4165,4200,70940
"2021-11-04",4220,4230,4105,4110,106159
"2021-11-05",4165,4165,4040,4080,72819
"2021-11-08",4050,4125,4045,4090,60684
"2021-11-09",4095,4130,4065,4115,103440
"2021-11-10",4115,4270,4080,4190,244014
"2021-11-11",4150,4215,4130,4145,160330
"2021-11-12",4165,4195,4145,4165,83401
"2021-11-15",4270,4270,4200,4250,103225
"2021-11-16",4255,4265,4220,4235,74386
"2021-11-17",4240,4245,4120,4145,111007
"2021-11-18",4135,4140,4060,4080,126003
"2021-11-19",4080,4125,4050,4105,57636
"2021-11-22",4125,4230,4105,4195,143378
"2021-11-23",4160,4235,4155,4200,86879
"2021-11-24",4200,4360,4200,4350,328808
"2021-11-25",4345,4345,4250,4305,129463
"2021-11-26",4300,4300,4200,4275,160923
"2021-11-29",4490,4490,4275,4350,734537
"2021-11-30",4410,4410,4020,4105,529455
"2021-12-01",4080,4115,4030,4105,167603
"2021-12-02",4015,4150,4015,4090,251658
"2021-12-03",4105,4150,4095,4125,77662
"2021-12-06",4100,4380,4095,4320,323527
"2021-12-07",4265,4325,4265,4300,115689
"2021-12-08",4300,4350,4270,4275,118484
"2021-12-09",4285,4330,4265,4290,95396
"2021-12-10",4270,4300,4255,4300,98868
"2021-12-13",4320,4335,4255,4330,132999
"2021-12-14",4310,4380,4305,4325,71910
"2021-12-15",4280,4330,4280,4315,73544
"2021-12-16",4345,4390,4295,4325,194790
"2021-12-17",4280,4905,4280,4410,4244576
"2021-12-20",4420,4860,4420,4575,4503198
"2021-12-21",4580,4690,4505,4630,911357
"2021-12-22",4635,4735,4520,4575,806052
"2021-12-23",4580,4625,4510,4530,383395
"2021-12-24",4540,4650,4520,4650,354692
"2021-12-27",4660,4770,4650,4770,720312
"2021-12-28",4785,4785,4580,4610,398347
"2021-12-29",4630,4645,4565,4615,120574
"2021-12-30",4640,4640,4550,4565,99291
"2022-01-03",4570,4700,4570,4635,130014
"2022-01-04",4675,4680,4580,4630,131130
"2022-01-05",4605,4680,4605,4660,197688
"2022-01-06",4610,4645,4430,4445,306364
"2022-01-07",4445,4545,4440,4545,144524
"2022-01-10",4600,4790,4480,4630,667209
"2022-01-11",4635,4645,4480,4490,191622
"2022-01-12",4500,4555,4470,4500,115210
"2022-01-13",4470,4535,4470,4520,108053
"2022-01-14",4490,4520,4385,4400,149590
"2022-01-17",4400,4515,4390,4450,185002
"2022-01-18",4440,4495,4225,4270,167515
"2022-01-19",4200,4220,4075,4215,235348
"2022-01-20",4160,4220,4120,4200,111317
"2022-01-21",4200,4215,4120,4195,117203
"2022-01-24",4180,4180,4015,4055,205972
"2022-01-25",4010,4065,3820,3875,375372
"2022-01-26",3805,3955,3805,3885,144215
"2022-01-27",3870,3935,3730,3745,204839
"2022-01-28",3790,3910,3730,3910,236212
"2022-02-03",3915,4070,3915,4045,114572
"2022-02-04",4025,4090,4010,4075,79521
"2022-02-07",4095,4115,3995,4110,79458
"2022-02-08",4110,4150,4070,4080,82038
"2022-02-09",4080,4155,4080,4120,71983
"2022-02-10",4125,4170,4125,4135,57681
"2022-02-11",4195,4195,4005,4005,144341
"2022-02-14",3920,4005,3790,3980,134978
"2022-02-15",3905,3995,3870,3910,115140
"2022-02-16",3925,4050,3925,4030,64535
"2022-02-17",4020,4140,3945,4040,83193
"2022-02-18",4020,4130,3950,4125,66948
"2022-02-21",4100,4200,4040,4135,86167
"2022-02-22",4060,4130,4020,4030,77889
"2022-02-23",4030,4115,4030,4060,22733
"2022-02-24",4060,4090,3910,3910,119111
"2022-02-25",3975,4005,3910,3925,79725
"2022-02-28",3925,4035,3925,4005,63157
"2022-03-02",4005,4100,4000,4020,97436
"2022-03-03",4035,4195,4035,4090,82013
"2022-03-04",4070,4275,4065,4170,281577
"2022-03-07",4160,4185,4050,4060,100345
"2022-03-08",4005,4070,3950,3965,88564
"2022-03-10",3995,4080,3995,4055,44742
"2022-03-11",4050,4125,4020,4120,53708
"2022-03-14",4140,4320,4080,4150,323081
"2022-03-15",4150,4185,4085,4095,66899
"2022-03-16",4125,4170,4105,4150,53926
"2022-03-17",4165,4180,4130,4150,81081
"2022-03-18",4175,4200,4145,4200,90199
"2022-03-21",4215,4275,4190,4250,115451
"2022-03-22",4260,4385,4250,4255,279084
"2022-03-23",4260,4265,4150,4155,241146
"2022-03-24",4155,4225,4140,4225,81120
"2022-03-25",4230,4245,4160,4160,101348
"2022-03-28",4175,4215,4165,4210,55412
"2022-03-29",4225,4230,4180,4215,61072
"2022-03-30",4215,4255,4160,4160,116154
"2022-03-31",4180,4195,4160,4170,65335
"2022-04-01",4170,4270,4170,4210,79060
"2022-04-04",4210,4305,4180,4285,144898
"2022-04-05",4310,4310,4235,4275,65437
"2022-04-06",4275,4280,4190,4190,77362
"2022-04-07",4190,4190,4070,4070,92532
"2022-04-08",4100,4110,4030,4110,82965
"2022-04-11",4085,4115,4045,4060,52769
"2022-04-12",4035,4070,3975,3985,97231
"2022-04-13",3975,4030,3975,3980,77317
"2022-04-14",3980,4185,3975,4045,121970
"2022-04-15",4005,4025,3995,4010,27507
"2022-04-18",4010,4040,3975,4010,44323
"2022-04-19",4010,4030,3995,4015,50189
"2022-04-20",4060,4275,4020,4090,365575
"2022-04-21",4075,4135,4075,4085,62986
"2022-04-22",4060,4185,4060,4130,164517
"2022-04-25",4080,4105,4010,4010,79923
"2022-04-26",4045,4075,4005,4040,54431
"2022-04-27",3930,4010,3930,3955,67933
"2022-04-28",3950,3980,3925,3940,54401
"2022-04-29",3940,3980,3935,3970,51599
"2022-05-02",3950,3950,3885,3930,36477
"2022-05-03",3905,3960,3905,3940,143098
"2022-05-04",4255,4255,3960,3980,836974
"2022-05-06",3930,3990,3920,3970,92297
"2022-05-09",3940,3965,3840,3845,160216
"2022-05-10",3800,3835,3690,3800,117388
"2022-05-11",3740,4330,3740,4005,3660544
"2022-05-12",3985,4005,3785,3800,317131
"2022-05-13",3815,3980,3780,3940,301708
"2022-05-16",3965,4330,3930,4000,1662156
"2022-05-17",4045,4125,3990,4070,322358
"2022-05-18",4070,4080,3975,4000,164859
"2022-05-19",3905,3990,3850,3910,159277
"2022-05-20",3920,3970,3915,3940,77555
"2022-05-23",3995,4085,3920,3945,282938
"2022-05-24",3940,4030,3860,3860,206070
"2022-05-25",3845,3915,3845,3900,76909
"2022-05-26",3935,3960,3900,3935,75697
"2022-05-27",3960,3960,3900,3915,53652
"2022-05-30",3905,3950,3905,3915,48284
"2022-05-31",3945,3970,3915,3955,46160
"2022-06-02",3930,3995,3925,3975,71698
"2022-06-03",4030,4055,3975,4045,164514
"2022-06-07",4095,4140,4035,4040,370830
"2022-06-08",4040,4060,3980,4035,90090
"2022-06-09",4035,4035,3940,3955,92406
"2022-06-10",3945,3975,3885,3885,69843
"2022-06-13",3820,3885,3700,3705,253109
"2022-06-14",3640,3690,3565,3605,174689
"2022-06-15",3535,3700,3500,3610,245934
"2022-06-16",3615,3665,3560,3560,128537
"2022-06-17",3475,3545,3415,3545,108346
"2022-06-20",3545,3545,3325,3340,132205
"2022-06-21",3285,3360,3245,3325,79053
"2022-06-22",3405,3420,3115,3185,159732
"2022-06-23",3135,3185,2945,2945,228516
"2022-06-24",2940,3165,2935,3155,172816
"2022-06-27",3155,3470,3150,3265,445611
"2022-06-28",3255,3300,3180,3295,59436
"2022-06-29",3180,3285,3160,3250,26116
"2022-06-30",3270,3280,3200,3220,32103
"2022-07-01",3230,3240,3095,3120,68900
"2022-07-04",3105,3145,2980,3005,91696
"2022-07-05",3025,3190,3025,3190,54861
"2022-07-06",3190,3220,3140,3200,47638
"2022-07-07",3180,3265,3165,3260,65251
"2022-07-08",3265,3690,3245,3355,870465
"2022-07-11",3375,3500,3370,3380,171661
"2022-07-12",3340,3990,3325,3525,3822562
"2022-07-13",3530,3940,3530,3610,2250913
"2022-07-14",3595,3700,3500,3515,459678
"2022-07-15",3550,3570,3440,3480,185569
"2022-07-18",3485,3675,3480,3600,479609
"2022-07-19",3600,3670,3585,3650,195558
"2022-07-20",3750,3750,3640,3645,157664
"2022-07-21",3665,3675,3540,3635,87707
"2022-07-22",3625,3655,3575,3580,81573
"2022-07-25",3570,3660,3555,3585,112165
"2022-07-26",3620,3850,3580,3600,1459395
"2022-07-27",3610,3780,3600,3650,439877
"2022-07-28",3665,3715,3620,3675,143487
"2022-07-29",3720,3720,3600,3640,99434
"2022-08-01",3630,3655,3585,3640,79730
"2022-08-02",3640,3710,3635,3660,130612
"2022-08-03",3690,3700,3650,3670,73152
"2022-08-04",3680,3700,3650,3660,57105
"2022-08-05",3680,3700,3645,3680,39238
"2022-08-08",3680,3705,3640,3690,39583
"2022-08-09",3645,3695,3600,3630,77476
"2022-08-10",3630,3630,3580,3590,47175
"2022-08-11",3600,3610,3430,3585,58315
"2022-08-12",3575,3615,3570,3570,36677
"2022-08-16",3605,3615,3575,3590,25391
"2022-08-17",3600,3600,3510,3520,46014
"2022-08-18",3495,3840,3460,3530,830483
"2022-08-19",3615,3615,3495,3535,113809
"2022-08-22",3505,3510,3430,3440,73840
"2022-08-23",3400,3410,3355,3370,91101
"2022-08-24",3330,3560,3330,3440,139887
"2022-08-25",3475,3485,3435,3455,47998
"2022-08-26",3455,3485,3450,3450,40228
"2022-08-29",3400,3400,3325,3360,43440
"2022-08-30",3355,3470,3355,3440,96407
"2022-08-31",3440,3450,3395,3450,27460
"2022-09-01",3400,3435,3360,3360,34798
"2022-09-02",3330,3390,3300,3330,50487
"2022-09-05",3280,3315,3240,3250,32561
"2022-09-06",3200,3285,3200,3280,33184
"2022-09-07",3260,3285,3180,3235,56822
"2022-09-08",3220,3260,3205,3225,33770
"2022-09-13",3230,3335,3230,3330,74424
"2022-09-14",3220,3335,3185,3300,57639
"2022-09-15",3305,3335,3260,3280,32724
"2022-09-16",3280,3290,3210,3240,35788
"2022-09-19",3230,3235,3125,3150,44273
"2022-09-20",3105,3165,3105,3130,77144
"2022-09-21",3085,3100,3025,3055,109753
"2022-09-22",3005,3050,2950,3005,49883
"2022-09-23",2980,3025,2930,2940,115593
"2022-09-26",2900,2925,2620,2645,287583
"2022-09-27",2605,2745,2605,2675,113977
"2022-09-28",2640,2775,2610,2740,109090
"2022-09-29",2740,2870,2730,2760,152937
"2022-09-30",2670,2765,2665,2755,89693
"2022-10-04",2760,3020,2760,2910,304692
"2022-10-05",2915,2980,2805,2840,297308
"2022-10-06",2840,2900,2840,2900,74494
"2022-10-07",2870,2895,2825,2850,84283
"2022-10-11",2800,2845,2715,2760,119328
"2022-10-12",2755,3035,2705,2820,1376440
"2022-10-13",2795,2890,2705,2710,250504
"2022-10-14",2720,2800,2720,2775,79878
"2022-10-17",2725,2845,2725,2825,90039
"2022-10-18",2845,2965,2845,2905,173420
"2022-10-19",2905,2970,2855,2960,173123
"2022-10-20",3030,3035,2910,2960,119767
"2022-10-21",2940,2995,2900,2925,66375
"2022-10-24",2925,2945,2900,2925,76093
"2022-10-25",2905,2940,2890,2940,60645
"2022-10-26",2910,2935,2895,2930,50075
"2022-10-27",2910,2990,2905,2970,83686
"2022-10-28",2965,2970,2925,2950,22081
"2022-10-31",2950,2970,2910,2925,61628
"2022-11-01",2910,2965,2910,2925,42045
"2022-11-02",2945,2945,2890,2925,40074
"2022-11-03",2910,2950,2880,2925,44582
"2022-11-04",2930,2955,2880,2940,44322
"2022-11-07",2940,2955,2905,2940,79794
"2022-11-08",2930,2970,2925,2965,52269
"2022-11-09",2965,3005,2950,2980,70971
"2022-11-10",2995,3185,2960,3010,324148
"2022-11-11",3060,3100,3015,3040,78569
"2022-11-14",3020,3130,3020,3100,69607
"2022-11-15",3100,3100,3050,3095,96619
"2022-11-16",3125,3125,3050,3060,67789
"2022-11-17",3035,3050,3005,3020,39838
"2022-11-18",3020,3045,3010,3010,22715
"2022-11-21",3010,3685,2985,3430,11472909
"2022-11-22",3370,3380,3200,3250,1386051
"2022-11-23",3250,3580,3215,3280,7361292
"2022-11-24",3290,3310,3240,3265,553208
"2022-11-25",3280,3340,3245,3300,383124
"2022-11-28",3310,3330,3200,3200,359750
"2022-11-29",3230,3370,3160,3165,658532
"2022-11-30",3160,3255,3140,3215,194549
"2022-12-01",3245,3250,3220,3225,119663
"2022-12-02",3200,3315,3200,3250,189084
"2022-12-05",3260,3265,3185,3235,136727
"2022-12-06",3205,3210,3140,3155,83572
"2022-12-07",3100,3180,3075,3155,67169
"2022-12-08",3150,3185,3045,3155,137210
"2022-12-09",3125,3175,3085,3175,91432
"2022-12-12",3180,3185,3140,3170,63029
"2022-12-13",3165,3840,3140,3375,14660928
"2022-12-14",3290,3375,3215,3355,2227696
"2022-12-15",3750,3860,3415,3445,7518985
"2022-12-16",3385,3545,3355,3365,897328
"2022-12-19",3370,3700,3305,3480,2473773
"2022-12-20",3420,4105,3405,3650,18177817
"2022-12-21",3615,3765,3590,3645,1620905
"2022-12-22",3600,3635,3505,3515,854390
"2022-12-23",3445,3490,3355,3365,535166
"2022-12-26",3350,3420,3170,3225,664095
"2022-12-27",3220,3270,3195,3225,427414
"2022-12-28",3195,3265,3160,3255,231282
"2022-12-29",3215,3220,3060,3090,341296
